60 60 61 120 
61 65.7464 76.2341
62 21.1428 7.88048
63 20.3773 85.475
64 38.0885 75.4704
65 142.683 55.5883
66 81.4174 41.5185
67 182.708 96.2349
68 25.463 25.0373
69 81.8487 91.4255
70 50.6137 46.6474
71 67.1212 32.1638
72 14.5737 47.5181
73 106.755 13.9642
74 28.4084 6.45145
75 37.9133 15.9756
76 156.756 74.7495
77 65.8542 57.3971
78 135.359 74.3478
79 135.459 90.7766
80 16.8775 11.593
81 53.1897 38.7734
82 16.491 94.8527
83 100.55 97.8518
84 102.881 37.1799
85 5.28772 43.0085
86 166.28 49.2492
87 177.65 67.0699
88 163.667 57.519
89 130.92 10.1708
90 24.5612 80.1347
91 134.489 81.4355
92 118.511 36.9406
93 103.334 1.23274
94 104.324 23.6161
95 69.8737 77.7807
96 149.152 20.4934
97 102.212 95.3445
98 96.7034 42.2305
99 27.6198 20.6658
100 28.9598 62.865
101 187.826 52.6751
102 183.385 51.364
103 4.20737 74.6613
104 26.5874 78.0014
105 148.941 22.1874
106 147.241 57.1186
107 173.393 98.8692
108 29.1479 43.9331
109 99.5641 91.9609
110 96.6017 77.7671
111 89.0053 20.0837
112 33.1241 59.5465
113 82.6472 98.3121
114 158.702 91.0245
115 94.4237 21.3498
116 83.286 55.4193
117 98.3634 86.0305
118 12.7239 47.5728
119 152.089 9.60456
120 161.253 41.3268
0 112.957 54.61 28.4217 97.5829 50.3865 136.963 91.4802 31.2936 44.7195 45.4451 79.8887 103.278 107.121 88.0917 92.4944 18.9449 71.4987 84.2545 113.51 50.0174 67.874 56.4209 76.1888 93.6844 127.518 121.068 116.636 131.237 45.0857 73.944 92.0576 112.589 91.196 5.67384 139.146 55.5762 64.9606 93.695 50.1557 145.639 142.509 63.1119 40.9263 137.241 100.61 130.282 68.8995 49.5444 32.3882 79.4092 49.31 38.9787 107.746 83.5616 38.3544 42.4133 81.6839 152.972 130.414 
112.957 0 78.36 84.5356 169.248 93.9126 249.92 21.4771 144.251 68.2378 70.2617 46.2067 91.6958 8.69462 24.8656 202.482 94.228 180.683 197.212 7.97776 62.9399 91.6241 169.378 111.038 50.9831 186.506 215.697 192.163 112.067 75.6726 186.901 126.428 88.8387 98.9172 118.631 140.622 168.533 109.911 19.2623 62.8016 211.478 205.726 83.7163 75.5655 142.105 175.336 243.239 44.0578 162.502 145.345 80.0658 63.6473 151.936 220.703 86.7502 109.682 155.371 48.1113 132.67 173.557 
54.61 78.36 0 27.7157 152.193 104.997 173.091 65.5234 67.4219 69.0639 100.055 43.7605 157.888 87.0546 87.0354 147.104 73.5548 126.109 120.383 77.3819 79.514 13.264 92.5491 130.799 57.5561 182.128 175.678 171.246 185.847 9.52425 118.151 146.668 167.199 145.806 57.1907 193.756 91.7044 119.571 72.0517 31.1925 200.249 197.119 26.9837 13.6837 191.851 155.22 166.41 50.3124 85.6726 83.9323 134.019 38.6752 75.1069 143.874 138.172 92.9644 78.5415 45.5557 207.582 185.024 
28.4217 84.5356 27.7157 0 124.477 77.2808 165.384 63.0585 59.7153 41.3482 72.3394 51.467 130.173 78.699 59.67 119.389 45.8391 98.393 112.676 85.0884 51.7983 40.9798 84.8426 103.083 65.2627 154.413 147.962 143.53 158.131 18.1915 102.366 118.952 139.483 118.09 34.0955 166.041 83.9979 91.8549 65.2733 21.734 172.533 169.403 34.6902 14.032 164.135 127.504 158.703 40.4778 77.9661 60.8099 106.303 20.8883 67.4004 136.168 110.456 65.2486 70.835 53.2622 179.866 157.308 
97.5829 169.248 152.193 124.477 0 75.3358 80.6715 147.771 96.672 101.011 98.9867 136.18 77.5526 163.412 144.383 33.234 78.638 26.0841 42.4132 169.801 106.309 165.457 84.3973 58.2109 149.975 29.9355 46.4483 22.9146 57.1811 142.669 34.0416 42.8206 93.7052 70.3312 95.0022 41.5636 80.2274 59.3378 149.986 121 48.0559 44.9262 157.549 138.509 39.658 6.08807 73.9905 125.191 79.4919 68.2606 89.1826 113.518 102.76 51.4549 82.4982 59.5664 74.7623 137.975 55.3889 32.8313 
50.3865 93.9126 104.997 77.2808 75.3358 0 156.007 72.4355 50.3384 35.9326 23.6509 72.8432 52.8918 88.076 69.047 108.57 31.4417 86.7708 103.299 94.4654 30.9727 118.261 75.4656 25.8023 77.6196 92.5931 121.784 98.2504 80.8502 95.4723 92.9888 41.6711 62.2022 40.8095 47.8059 88.7599 74.6209 15.998 74.6503 73.8041 117.565 111.814 110.353 91.3128 86.8543 81.4239 149.326 54.6841 68.5891 51.4329 29.0227 66.3213 58.0234 126.791 33.1751 15.7695 61.4581 74.7478 102.585 80.0276 
136.963 249.92 173.091 165.384 80.6715 156.007 0 228.443 105.669 181.682 179.658 216.851 158.224 244.083 225.054 47.4374 155.692 69.2365 52.7081 250.473 186.98 167.599 83.7755 138.882 230.647 63.4142 34.2232 57.7569 137.853 174.247 63.0186 123.492 174.377 151.003 131.289 109.298 81.3864 140.009 230.658 187.118 48.6777 45.548 200.074 174.354 107.815 74.5834 11.9494 205.862 87.4182 104.574 169.854 186.273 102.138 29.2166 163.17 140.238 94.5493 218.646 117.25 76.3631 
91.4802 21.4771 65.5234 63.0585 147.771 72.4355 228.443 0 122.774 46.7608 48.7846 33.37 92.365 21.5313 21.5121 181.005 72.7509 159.206 175.735 22.0299 41.4628 78.7874 147.901 89.5605 38.1464 165.029 194.22 170.686 120.323 55.9991 165.424 104.951 101.675 80.2826 97.1541 128.233 147.056 88.4335 6.52835 41.3245 190.001 184.249 70.8796 54.0884 126.328 153.859 221.762 22.5807 141.025 123.868 68.4959 42.1702 130.459 199.226 72.6482 88.205 133.894 35.2746 142.058 152.08 
31.2936 144.251 67.4219 59.7153 96.672 50.3384 105.669 122.774 0 76.0131 73.9892 111.182 102.367 138.414 119.385 91.5836 50.0229 70.5879 54.2588 144.804 81.3111 68.7849 25.1273 75.278 124.978 126.608 120.157 115.725 130.326 68.5783 62.6305 91.1468 111.678 90.2852 25.6198 138.236 24.2825 64.0498 124.989 81.4494 144.728 141.598 94.4055 68.6854 136.33 99.6994 98.988 100.193 18.2508 28.4114 78.4984 80.6036 7.68508 77.2543 82.6508 37.4435 21.9097 112.978 152.061 129.503 
44.7195 68.2378 69.0639 41.3482 101.011 35.9326 181.682 46.7608 76.0131 0 30.9912 36.9106 88.8244 62.4012 43.3722 134.245 25.9902 112.446 128.974 68.7906 10.4501 82.328 101.14 61.7349 48.9649 118.268 147.459 123.925 116.783 59.5397 118.664 77.6037 98.1348 76.7421 50.3933 124.692 100.296 50.5067 48.9755 37.8715 143.24 137.488 74.4202 55.3802 122.787 107.099 175.001 24.18 94.2639 77.1077 64.9553 30.3887 83.6982 152.465 69.1077 41.4442 87.1328 38.8152 138.518 115.96 
45.4451 70.2617 100.055 72.3394 98.9867 23.6509 179.658 48.7846 73.9892 30.9912 0 67.9018 57.8332 64.4251 45.3961 132.221 26.5003 110.422 126.95 70.8145 20.5411 113.319 99.1165 40.7759 72.6782 116.244 145.435 121.901 85.7917 90.5309 116.64 56.1661 67.1436 45.7509 48.3694 93.7013 98.2718 39.6489 50.9994 68.8626 141.216 135.464 105.411 86.3714 91.7958 105.075 172.977 49.7427 92.24 75.0838 33.9641 61.3799 81.6743 150.442 38.1165 39.4203 85.1089 69.8064 107.527 103.295 
79.8887 46.2067 43.7605 51.467 136.18 72.8432 216.851 33.37 111.182 36.9106 67.9018 0 125.735 54.9013 54.8821 169.414 61.1595 147.615 164.143 38.229 47.3607 49.2519 136.31 98.6455 13.7956 153.437 182.628 159.094 153.693 42.604 153.833 114.514 135.045 113.653 85.5626 161.603 135.465 87.4173 39.8984 29.733 178.409 172.658 37.5096 42.4969 159.698 142.268 210.17 18.1591 129.433 112.277 101.866 30.5787 118.867 187.635 106.018 76.6135 122.302 1.90456 175.428 152.871 
103.278 91.6958 157.888 130.173 77.5526 52.8918 158.224 92.365 102.367 88.8244 57.8332 125.735 0 85.8593 70.8529 110.787 84.3335 88.9876 105.516 92.2486 78.3743 171.152 90.0928 27.0895 130.511 94.8099 124.001 100.467 27.9584 148.364 95.2055 34.732 16.1526 12.0823 100.698 48.9264 85.9229 38.3177 85.8366 126.696 119.782 114.03 163.245 144.205 50.4089 83.6406 151.543 107.576 85.1874 73.956 23.8691 119.213 108.456 129.007 19.7167 64.924 80.4577 127.64 49.6935 81.8609 
107.121 8.69462 87.0546 78.699 163.412 88.076 244.083 21.5313 138.414 62.4012 64.4251 54.9013 85.8593 0 19.029 196.646 88.3914 174.847 191.375 16.6724 57.1033 100.319 163.542 105.201 59.6777 180.669 209.86 186.326 106.231 77.5304 181.065 120.591 80.1441 93.0807 112.795 134.786 162.697 104.074 15.0029 56.965 205.641 199.89 92.4109 73.3709 136.268 169.5 237.402 38.2212 156.665 139.509 74.2292 57.8107 146.099 214.867 80.9136 103.845 149.534 56.8059 126.833 167.72 
88.0917 24.8656 87.0354 59.67 144.383 69.047 225.054 21.5121 119.385 43.3722 45.3961 54.8821 70.8529 19.029 0 177.617 69.3624 155.818 172.346 25.4184 38.0743 100.299 144.513 86.1719 59.6585 161.64 190.831 167.297 98.8113 77.5112 162.036 101.562 80.1633 74.0516 93.7655 115.757 143.668 85.045 14.9837 55.8429 186.612 180.86 92.3917 73.3517 117.239 150.471 218.373 36.723 137.636 120.48 55.2002 48.3602 127.07 195.838 61.8846 84.8164 130.505 56.7867 120.546 148.691 
92.4944 202.482 147.104 119.389 33.234 108.57 47.4374 181.005 91.5836 134.245 132.221 169.414 110.787 196.646 177.617 0 108.254 21.799 37.3248 203.035 139.543 160.368 79.3089 91.4449 183.209 35.0239 28.5734 24.1416 90.4151 137.58 28.9531 76.0546 126.939 103.565 89.9138 61.8602 75.139 92.5718 183.22 139.681 53.1443 50.0146 152.637 133.421 60.3777 27.146 40.7565 158.425 74.4035 63.1722 122.417 138.835 97.6717 18.2208 115.732 92.8004 69.6739 171.209 69.8125 37.9197 
18.9449 94.228 73.5548 45.8391 78.638 31.4417 155.692 72.7509 50.0229 25.9902 26.5003 61.1595 84.3335 88.3914 69.3624 108.254 0 86.4554 102.984 94.7808 31.2881 86.8189 75.1502 57.244 74.9551 108.574 121.469 97.935 112.292 64.0306 92.6733 73.1128 93.6439 72.2511 24.4031 120.202 74.3054 46.0158 74.9657 42.3624 126.694 123.564 78.9111 59.8711 118.296 81.6653 149.011 50.1702 68.2737 51.1175 60.4644 34.8796 57.708 126.475 64.6168 19.4095 61.1426 62.9546 134.027 111.469 
71.4987 180.683 126.109 98.393 26.0841 86.7708 69.2365 159.206 70.5879 112.446 110.422 147.615 88.9876 174.847 155.818 21.799 86.4554 0 16.5284 181.236 117.744 139.373 58.3132 69.6458 161.41 56.0197 49.5691 45.1373 68.6161 116.584 7.95743 54.2556 105.14 81.7662 68.9181 67.6477 54.1433 70.7728 161.421 117.882 74.14 71.0103 131.465 112.425 65.7422 29.1115 62.5555 136.626 53.4078 42.1765 100.618 117.036 76.676 40.0199 93.9332 71.0014 48.6781 149.41 81.4731 58.9155 
84.2545 197.212 120.383 112.676 42.4132 103.299 52.7081 175.735 54.2588 128.974 126.95 164.143 105.516 191.375 172.346 37.3248 102.984 16.5284 0 197.765 134.272 123.044 41.9841 86.1742 177.939 72.3487 65.8982 61.4664 85.1445 121.539 10.3105 70.784 121.669 98.2945 78.5807 83.9768 37.8142 87.3012 177.95 134.41 90.4691 87.3394 147.366 121.646 82.0713 45.4406 46.0272 153.154 37.0787 51.8663 117.146 133.565 60.3469 23.4915 110.462 87.5297 41.8412 165.938 97.8022 75.2446 
113.51 7.97776 77.3819 85.0884 169.801 94.4654 250.473 22.0299 144.804 68.7906 70.8145 38.229 92.2486 16.6724 25.4184 203.035 94.7808 181.236 197.765 0 63.4927 83.6463 169.931 111.59 43.0054 187.059 216.25 192.716 115.464 76.2254 187.454 126.981 96.8165 99.47 119.184 141.175 169.086 110.463 19.8151 63.3544 212.031 206.279 75.7385 76.1183 142.658 175.889 243.792 44.6106 163.055 145.898 80.6186 64.2001 152.489 221.256 87.303 110.235 155.923 40.1335 137.2 174.11 
50.0174 62.9399 79.514 51.7983 106.309 30.9727 186.98 41.4628 81.3111 10.4501 20.5411 47.3607 78.3743 57.1033 38.0743 139.543 31.2881 117.744 134.272 63.4927 0 92.7781 106.438 51.2848 52.1371 123.566 152.757 129.223 106.333 69.9898 123.961 67.1536 87.6847 66.292 55.6913 114.242 105.594 46.9707 43.6776 48.3216 148.538 142.786 84.8703 65.8303 112.337 112.397 180.299 29.2016 99.5618 82.4056 54.5052 40.8388 88.9961 157.763 58.6576 46.7422 92.4308 49.2653 128.068 110.617 
67.874 91.6241 13.264 40.9798 165.457 118.261 167.599 78.7874 68.7849 82.328 113.319 49.2519 171.152 100.319 100.299 160.368 86.8189 139.373 123.044 83.6463 92.7781 0 87.0577 144.063 63.0476 195.392 188.942 184.51 199.111 22.7883 131.415 159.932 180.463 159.07 70.4547 207.02 86.213 132.835 85.3157 44.4565 213.513 210.383 32.4751 26.9477 205.115 168.484 160.918 63.5765 85.965 97.1963 147.283 51.9393 69.6155 146.039 151.436 106.228 90.6946 51.0471 220.846 198.288 
56.4209 169.378 92.5491 84.8426 84.3973 75.4656 83.7755 147.901 25.1273 101.14 99.1165 136.31 90.0928 163.542 144.513 79.3089 75.1502 58.3132 41.9841 169.931 106.438 87.0577 0 63.0033 150.105 114.333 107.882 103.45 118.051 93.7056 50.3557 78.8721 99.4032 78.0105 50.7471 125.961 4.16988 59.4676 150.116 106.577 132.453 129.324 119.533 93.8127 124.055 87.4246 73.8607 125.32 6.87649 24.0327 89.3124 105.731 18.3628 64.9796 82.628 59.6962 14.0076 138.105 139.786 117.229 
76.1888 111.038 130.799 103.083 58.2109 25.8023 138.882 89.5605 75.278 61.7349 40.7759 98.6455 27.0895 105.201 86.1719 91.4449 57.244 69.6458 86.1742 111.59 51.2848 144.063 63.0033 0 103.422 75.4682 104.659 81.1254 55.0479 121.275 75.8638 15.8688 36.3999 15.0072 73.6081 62.9576 58.8334 11.2282 91.7753 99.6063 100.44 94.6886 136.155 117.115 61.0521 64.2989 132.201 80.4864 58.0979 46.8665 30.9718 92.1236 81.3661 109.666 24.2874 37.8345 53.3682 100.55 76.783 62.5192 
93.6844 50.9831 57.5561 65.2627 149.975 77.6196 230.647 38.1464 124.978 48.9649 72.6782 13.7956 130.511 59.6777 59.6585 183.209 74.9551 161.41 177.939 43.0054 52.1371 63.0476 150.105 103.422 0 167.233 196.424 172.89 158.47 56.3997 167.628 119.291 139.822 118.429 99.3582 166.38 149.261 92.1937 44.6748 43.5286 192.205 186.453 32.7332 56.2926 164.474 156.064 223.966 24.7848 143.229 126.073 106.642 44.3744 132.663 201.43 110.795 90.4091 136.098 12.0004 180.205 157.647 
127.518 186.506 182.128 154.413 29.9355 92.5931 63.4142 165.029 126.608 118.268 116.244 153.437 94.8099 180.669 161.64 35.0239 108.574 56.0197 72.3487 187.059 123.566 195.392 114.333 75.4682 167.233 0 29.191 10.8823 74.4384 172.604 63.9771 60.0779 110.962 87.5885 124.938 45.8835 110.163 76.5951 167.243 150.936 24.9722 19.2204 187.485 168.445 44.401 26.9082 56.7332 142.448 109.427 98.1961 106.44 143.453 132.696 49.3532 99.7555 89.164 104.698 155.232 53.8358 12.949 
121.068 215.697 175.678 147.962 46.4483 121.784 34.2232 194.22 120.157 147.459 145.435 182.628 124.001 209.86 190.831 28.5734 121.469 49.5691 65.8982 216.25 152.757 188.942 107.882 104.659 196.424 29.191 0 23.5337 103.629 166.154 57.5266 89.2689 140.153 116.779 118.487 75.0745 103.712 105.786 196.434 152.895 24.5709 21.4412 181.034 161.994 73.592 40.3602 36.0563 171.639 102.977 91.7456 135.631 152.049 126.245 42.9027 128.947 106.015 98.2473 184.423 83.0268 42.14 
116.636 192.163 171.246 143.53 22.9146 98.2504 57.7569 170.686 115.725 123.925 121.901 159.094 100.467 186.326 167.297 24.1416 97.935 45.1373 61.4664 192.716 129.223 184.51 103.45 81.1254 172.89 10.8823 23.5337 0 80.0957 161.722 53.0947 65.7352 116.62 93.2457 114.055 51.5407 99.2806 82.2524 172.901 140.054 29.0027 25.873 176.602 157.562 50.0583 16.8265 51.076 148.105 98.5451 87.3138 112.097 132.571 121.813 38.4709 105.413 82.4809 93.8155 160.89 59.493 18.6062 
131.237 112.067 185.847 158.131 57.1811 80.8502 137.853 120.323 130.326 116.783 85.7917 153.693 27.9584 106.231 98.8113 90.4151 112.292 68.6161 85.1445 115.464 106.333 199.111 118.051 55.0479 158.47 74.4384 103.629 80.0957 0 176.323 74.834 39.1791 36.5241 40.0408 128.656 28.5549 113.881 66.2761 113.795 154.654 99.4106 93.6588 191.203 172.163 30.0374 63.2692 131.172 135.534 113.146 101.914 51.8275 147.172 136.414 108.636 47.6752 92.8824 108.416 155.598 21.735 61.4894 
45.0857 75.6726 9.52425 18.1915 142.669 95.4723 174.247 55.9991 68.5783 59.5397 90.5309 42.604 148.364 77.5304 77.5112 137.58 64.0306 116.584 121.539 76.2254 69.9898 22.7883 93.7056 121.275 56.3997 172.604 166.154 161.722 176.323 0 111.229 137.143 157.674 136.282 47.6664 184.232 92.8609 110.046 62.5274 21.6682 190.724 187.595 25.8272 4.15945 182.327 145.696 167.566 40.7882 86.8291 74.408 124.495 29.151 76.2634 145.031 128.647 83.4401 79.698 44.3992 198.058 175.5 
73.944 186.901 118.151 102.366 34.0416 92.9888 63.0186 165.424 62.6305 118.664 116.64 153.833 95.2055 181.065 162.036 28.9531 92.6733 7.95743 10.3105 187.454 123.961 131.415 50.3557 75.8638 167.628 63.9771 57.5266 53.0947 74.834 111.229 0 60.4735 111.358 87.9841 68.2702 75.6051 46.1859 76.9907 167.639 124.1 82.0974 78.9678 137.056 111.336 73.6996 37.0689 56.3376 142.844 45.4504 41.5558 106.836 123.254 68.7185 33.8019 100.151 77.2193 40.7207 155.628 89.4305 66.8729 
92.0576 126.428 146.668 118.952 42.8206 41.6711 123.492 104.951 91.1468 77.6037 56.1661 114.514 34.732 120.591 101.562 76.0546 73.1128 54.2556 70.784 126.981 67.1536 159.932 78.8721 15.8688 119.291 60.0779 89.2689 65.7352 39.1791 137.143 60.4735 0 50.8845 27.5105 89.477 47.0888 74.7022 27.097 107.166 115.475 85.0501 79.2983 152.024 132.984 45.1832 48.9087 116.811 96.3552 73.9667 62.7354 46.362 107.992 97.2349 94.2755 39.6776 53.7033 69.2371 116.419 60.9141 47.129 
112.589 88.8387 167.199 139.483 93.7052 62.2022 174.377 101.675 111.678 98.1348 67.1436 135.045 16.1526 80.1441 80.1633 126.939 93.6439 105.14 121.669 96.8165 87.6847 180.463 99.4032 36.3999 139.822 110.962 140.153 116.62 36.5241 157.674 111.358 50.8845 0 23.374 110.008 65.079 95.2333 47.6281 95.147 136.006 135.935 130.183 172.555 153.515 66.5615 99.7932 167.696 116.886 94.4978 83.2665 33.1795 128.524 117.766 145.16 29.0271 74.2344 89.7682 136.95 57.1267 98.0135 
91.196 98.9172 145.806 118.09 70.3312 40.8095 151.003 80.2826 90.2852 76.7421 45.7509 113.653 12.0823 93.0807 74.0516 103.565 72.2511 81.7662 98.2945 99.47 66.292 159.07 78.0105 15.0072 118.429 87.5885 116.779 93.2457 40.0408 136.282 87.9841 27.5105 23.374 0 88.6153 47.9504 73.8406 26.2354 79.655 114.614 112.561 106.809 151.162 132.122 46.0449 76.4192 144.322 95.4936 73.1051 61.8737 18.8515 107.131 96.3733 121.786 12.1671 52.8416 68.3754 115.557 61.7758 74.6395 
5.67384 118.631 57.1907 34.0955 95.0022 47.8059 131.289 97.1541 25.6198 50.3933 48.3694 85.5626 100.698 112.795 93.7655 89.9138 24.4031 68.9181 78.5807 119.184 55.6913 70.4547 50.7471 73.6081 99.3582 124.938 118.487 114.055 128.656 47.6664 68.2702 89.477 110.008 88.6153 0 136.566 49.9023 62.38 99.3689 55.8295 143.058 139.928 68.7857 43.507 134.66 98.0295 124.608 74.5734 43.8706 26.7416 76.8286 54.9838 33.3049 102.072 80.9809 35.7737 36.7395 87.3577 150.391 127.834 
139.146 140.622 193.756 166.041 41.5636 88.7599 109.298 128.233 138.236 124.692 93.7013 161.603 48.9264 134.786 115.757 61.8602 120.202 67.6477 83.9768 141.175 114.242 207.02 125.961 62.9576 166.38 45.8835 75.0745 51.5407 28.5549 184.232 75.6051 47.0888 65.079 47.9504 136.566 0 121.791 74.1858 121.705 162.564 70.8556 65.1039 199.113 180.073 1.90553 38.5362 102.617 143.444 121.055 109.824 60.5565 155.081 144.324 80.081 55.5848 100.792 116.326 163.508 13.8254 32.9345 
55.5762 168.533 91.7044 83.9979 80.2274 74.6209 81.3864 147.056 24.2825 100.296 98.2718 135.465 85.9229 162.697 143.668 75.139 74.3054 54.1433 37.8142 169.086 105.594 86.213 4.16988 58.8334 149.261 110.163 103.712 99.2806 113.881 92.8609 46.1859 74.7022 95.2333 73.8406 49.9023 121.791 0 58.6228 149.271 105.732 128.283 125.154 118.688 92.968 119.885 83.2548 74.7055 124.476 6.03174 23.188 88.4677 104.886 22.5327 60.8097 81.7833 58.8514 13.1628 137.26 135.616 113.059 
64.9606 109.911 119.571 91.8549 59.3378 15.998 140.009 88.4335 64.0498 50.5067 39.6489 87.4173 38.3177 104.074 85.045 92.5718 46.0158 70.7728 87.3012 110.463 46.9707 132.835 59.4676 11.2282 92.1937 76.5951 105.786 82.2524 66.2761 110.046 76.9907 27.097 47.6281 26.2354 62.38 74.1858 58.6228 0 90.6483 88.3782 101.567 95.8155 124.927 105.887 72.2803 65.4259 133.328 69.2582 52.5911 35.6384 29.8448 80.8954 70.1379 110.793 23.1604 26.6063 45.46 89.3219 88.0112 65.4535 
93.695 19.2623 72.0517 65.2733 149.986 74.6503 230.658 6.52835 124.989 48.9755 50.9994 39.8984 85.8366 15.0029 14.9837 183.22 74.9657 161.421 177.95 19.8151 43.6776 85.3157 150.116 91.7753 44.6748 167.243 196.434 172.901 113.795 62.5274 167.639 107.166 95.147 79.655 99.3689 121.705 149.271 90.6483 0 43.5393 192.216 186.464 77.408 58.368 122.842 156.074 223.977 24.7955 143.239 126.083 61.9675 44.385 132.674 201.441 67.4879 90.4198 136.108 41.8029 135.53 154.294 
50.1557 62.8016 31.1925 21.734 121 73.8041 187.118 41.3245 81.4494 37.8715 68.8626 29.733 126.696 56.965 55.8429 139.681 42.3624 117.882 134.41 63.3544 48.3216 44.4565 106.577 99.6063 43.5286 150.936 152.895 140.054 154.654 21.6682 124.1 115.475 136.006 114.614 55.8295 162.564 105.732 88.3782 43.5393 0 169.056 165.927 36.5487 17.5088 160.658 124.028 180.437 19.12 99.7001 82.5439 102.827 7.48276 89.1344 157.902 106.979 61.7719 92.569 31.5282 176.389 153.832 
145.639 211.478 200.249 172.533 48.0559 117.565 48.6777 190.001 144.728 143.24 141.216 178.409 119.782 205.641 186.612 53.1443 126.694 74.14 90.4691 212.031 148.538 213.513 132.453 100.44 192.205 24.9722 24.5709 29.0027 99.4106 190.724 82.0974 85.0501 135.935 112.561 143.058 70.8556 128.283 101.567 192.216 169.056 0 5.75177 205.605 186.565 69.3732 45.0285 60.6271 167.42 127.548 116.316 131.412 161.573 150.816 67.4736 124.728 107.284 122.818 180.204 78.8079 37.9211 
142.509 205.726 197.119 169.403 44.9262 111.814 45.548 184.249 141.598 137.488 135.464 172.658 114.03 199.89 180.86 50.0146 123.564 71.0103 87.3394 206.279 142.786 210.383 129.324 94.6886 186.453 19.2204 21.4412 25.873 93.6588 187.595 78.9678 79.2983 130.183 106.809 139.928 65.1039 125.154 95.8155 186.464 165.927 5.75177 0 202.475 183.435 63.6214 41.8989 57.4975 161.668 124.418 113.187 125.66 158.444 147.686 64.3439 118.976 104.155 119.688 174.453 73.0562 32.1694 
63.1119 83.7163 26.9837 34.6902 157.549 110.353 200.074 70.8796 94.4055 74.4202 105.411 37.5096 163.245 92.4109 92.3917 152.637 78.9111 131.465 147.366 75.7385 84.8703 32.4751 119.533 136.155 32.7332 187.485 181.034 176.602 191.203 25.8272 137.056 152.024 172.555 151.162 68.7857 199.113 118.688 124.927 77.408 36.5487 205.605 202.475 0 25.7201 197.207 160.576 193.394 55.6687 112.656 95.5001 139.375 44.0315 102.091 170.858 143.528 98.3206 105.525 35.605 212.938 190.38 
40.9263 75.5655 13.6837 14.032 138.509 91.3128 174.354 54.0884 68.6854 55.3802 86.3714 42.4969 144.205 73.3709 73.3517 133.421 59.8711 112.425 121.646 76.1183 65.8303 26.9477 93.8127 117.115 56.2926 168.445 161.994 157.562 172.163 4.15945 111.336 132.984 153.515 132.122 43.507 180.073 92.968 105.887 58.368 17.5088 186.565 183.435 25.7201 0 178.167 141.536 167.673 36.6287 86.9362 70.2486 120.336 24.9915 76.3705 145.138 124.488 79.2806 79.8051 44.2921 193.898 171.34 
137.241 142.105 191.851 164.135 39.658 86.8543 107.815 126.328 136.33 122.787 91.7958 159.698 50.4089 136.268 117.239 60.3777 118.296 65.7422 82.0713 142.658 112.337 205.115 124.055 61.0521 164.474 44.401 73.592 50.0583 30.0374 182.327 73.6996 45.1832 66.5615 46.0449 134.66 1.90553 119.885 72.2803 122.842 160.658 69.3732 63.6214 197.207 178.167 0 36.6307 101.134 141.538 119.15 107.919 62.039 153.176 142.418 78.5985 55.3545 98.8865 114.42 161.602 15.7309 31.452 
100.61 175.336 155.22 127.504 6.08807 81.4239 74.5834 153.859 99.6994 107.099 105.075 142.268 83.6406 169.5 150.471 27.146 81.6653 29.1115 45.4406 175.889 112.397 168.484 87.4246 64.2989 156.064 26.9082 40.3602 16.8265 63.2692 145.696 37.0689 48.9087 99.7932 76.4192 98.0295 38.5362 83.2548 65.4259 156.074 124.028 45.0285 41.8989 160.576 141.536 36.6307 0 67.9025 131.279 82.5193 71.2879 95.2707 116.545 105.787 45.3668 88.5863 65.6544 77.7896 144.063 52.3616 29.804 
130.282 243.239 166.41 158.703 73.9905 149.326 11.9494 221.762 98.988 175.001 172.977 210.17 151.543 237.402 218.373 40.7565 149.011 62.5555 46.0272 243.792 180.299 160.918 73.8607 132.201 223.966 56.7332 36.0563 51.076 131.172 167.566 56.3376 116.811 167.696 144.322 124.608 102.617 74.7055 133.328 223.977 180.437 60.6271 57.4975 193.394 167.673 101.134 67.9025 0 199.181 80.7372 97.8934 163.173 179.592 91.3029 22.5357 156.489 133.557 87.8683 211.966 110.569 69.6822 
68.8995 44.0578 50.3124 40.4778 125.191 54.6841 205.862 22.5807 100.193 24.18 49.7427 18.1591 107.576 38.2212 36.723 158.425 50.1702 136.626 153.154 44.6106 29.2016 63.5765 125.32 80.4864 24.7848 142.448 171.639 148.105 135.534 40.7882 142.844 96.3552 116.886 95.4936 74.5734 143.444 124.476 69.2582 24.7955 19.12 167.42 161.668 55.6687 36.6287 141.538 131.279 199.181 0 118.444 101.288 83.7068 19.5895 107.878 176.645 87.8592 65.6243 111.313 20.0637 157.269 134.712 
49.5444 162.502 85.6726 77.9661 79.4919 68.5891 87.4182 141.025 18.2508 94.2639 92.24 129.433 85.1874 156.665 137.636 74.4035 68.2737 53.4078 37.0787 163.055 99.5618 85.965 6.87649 58.0979 143.229 109.427 102.977 98.5451 113.146 86.8291 45.4504 73.9667 94.4978 73.1051 43.8706 121.055 6.03174 52.5911 143.239 99.7001 127.548 124.418 112.656 86.9362 119.15 82.5193 80.7372 118.444 0 17.1562 82.4359 98.8544 23.2682 60.0742 75.7515 52.8197 7.13108 131.228 134.881 112.323 
32.3882 145.345 83.9323 60.8099 68.2606 51.4329 104.574 123.868 28.4114 77.1077 75.0838 112.277 73.956 139.509 120.48 63.1722 51.1175 42.1765 51.8663 145.898 82.4056 97.1963 24.0327 46.8665 126.073 98.1961 91.7456 87.3138 101.914 74.408 41.5558 62.7354 83.2665 61.8737 26.7416 109.824 23.188 35.6384 126.083 82.5439 116.316 113.187 95.5001 70.2486 107.919 71.2879 97.8934 101.288 17.1562 0 65.2797 81.6982 34.4995 75.3578 58.5953 35.6635 10.0251 114.072 123.65 101.092 
79.4092 80.0658 134.019 106.303 89.1826 29.0227 169.854 68.4959 78.4984 64.9553 33.9641 101.866 23.8691 74.2292 55.2002 122.417 60.4644 100.618 117.146 80.6186 54.5052 147.283 89.3124 30.9718 106.642 106.44 135.631 112.097 51.8275 124.495 106.836 46.362 33.1795 18.8515 76.8286 60.5565 88.4677 29.8448 61.9675 102.827 131.412 125.66 139.375 120.336 62.039 95.2707 163.173 83.7068 82.4359 65.2797 0 95.344 84.5865 140.637 6.68442 41.0549 75.3049 103.77 73.5626 93.491 
49.31 63.6473 38.6752 20.8883 113.518 66.3213 186.273 42.1702 80.6036 30.3887 61.3799 30.5787 119.213 57.8107 48.3602 138.835 34.8796 117.036 133.565 64.2001 40.8388 51.9393 105.731 92.1236 44.3744 143.453 152.049 132.571 147.172 29.151 123.254 107.992 128.524 107.131 54.9838 155.081 104.886 80.8954 44.385 7.48276 161.573 158.444 44.0315 24.9915 153.176 116.545 179.592 19.5895 98.8544 81.6982 95.344 0 88.2887 157.056 99.4964 54.2891 91.7233 32.3739 168.907 146.349 
38.9787 151.936 75.1069 67.4004 102.76 58.0234 102.138 130.459 7.68508 83.6982 81.6743 118.867 108.456 146.099 127.07 97.6717 57.708 76.676 60.3469 152.489 88.9961 69.6155 18.3628 81.3661 132.663 132.696 126.245 121.813 136.414 76.2634 68.7185 97.2349 117.766 96.3733 33.3049 144.324 22.5327 70.1379 132.674 89.1344 150.816 147.686 102.091 76.3705 142.418 105.787 91.3029 107.878 23.2682 34.4995 84.5865 88.2887 0 83.3424 88.7389 43.5316 27.9978 120.663 158.149 135.591 
107.746 220.703 143.874 136.168 51.4549 126.791 29.2166 199.226 77.2543 152.465 150.442 187.635 129.007 214.867 195.838 18.2208 126.475 40.0199 23.4915 221.256 157.763 146.039 64.9796 109.666 201.43 49.3532 42.9027 38.4709 108.636 145.031 33.8019 94.2755 145.16 121.786 102.072 80.081 60.8097 110.793 201.441 157.902 67.4736 64.3439 170.858 145.138 78.5985 45.3668 22.5357 176.645 60.0742 75.3578 140.637 157.056 83.3424 0 133.953 111.021 65.3326 189.43 88.0333 52.249 
83.5616 86.7502 138.172 110.456 82.4982 33.1751 163.17 72.6482 82.6508 69.1077 38.1165 106.018 19.7167 80.9136 61.8846 115.732 64.6168 93.9332 110.462 87.303 58.6576 151.436 82.628 24.2874 110.795 99.7555 128.947 105.413 47.6752 128.647 100.151 39.6776 29.0271 12.1671 80.9809 55.5848 81.7833 23.1604 67.4879 106.979 124.728 118.976 143.528 124.488 55.3545 88.5863 156.489 87.8592 75.7515 58.5953 6.68442 99.4964 88.7389 133.953 0 45.2072 68.6204 107.923 69.4102 86.8066 
38.3544 109.682 92.9644 65.2486 59.5664 15.7695 140.238 88.205 37.4435 41.4442 39.4203 76.6135 64.924 103.845 84.8164 92.8004 19.4095 71.0014 87.5297 110.235 46.7422 106.228 59.6962 37.8345 90.4091 89.164 106.015 82.4809 92.8824 83.4401 77.2193 53.7033 74.2344 52.8416 35.7737 100.792 58.8514 26.6063 90.4198 61.7719 107.284 104.155 98.3206 79.2806 98.8865 65.6544 133.557 65.6243 52.8197 35.6635 41.0549 54.2891 43.5316 111.021 45.2072 0 45.6886 78.4087 114.617 92.0598 
42.4133 155.371 78.5415 70.835 74.7623 61.4581 94.5493 133.894 21.9097 87.1328 85.1089 122.302 80.4577 149.534 130.505 69.6739 61.1426 48.6781 41.8412 155.923 92.4308 90.6946 14.0076 53.3682 136.098 104.698 98.2473 93.8155 108.416 79.698 40.7207 69.2371 89.7682 68.3754 36.7395 116.326 13.1628 45.46 136.108 92.569 122.818 119.688 105.525 79.8051 114.42 77.7896 87.8683 111.313 7.13108 10.0251 75.3049 91.7233 27.9978 65.3326 68.6204 45.6886 0 124.097 130.151 107.594 
81.6839 48.1113 45.5557 53.2622 137.975 74.7478 218.646 35.2746 112.978 38.8152 69.8064 1.90456 127.64 56.8059 56.7867 171.209 62.9546 149.41 165.938 40.1335 49.2653 51.0471 138.105 100.55 12.0004 155.232 184.423 160.89 155.598 44.3992 155.628 116.419 136.95 115.557 87.3577 163.508 137.26 89.3219 41.8029 31.5282 180.204 174.453 35.605 44.2921 161.602 144.063 211.966 20.0637 131.228 114.072 103.77 32.3739 120.663 189.43 107.923 78.4087 124.097 0 177.333 154.775 
152.972 132.67 207.582 179.866 55.3889 102.585 117.25 142.058 152.061 138.518 107.527 175.428 49.6935 126.833 120.546 69.8125 134.027 81.4731 97.8022 137.2 128.068 220.846 139.786 76.783 180.205 53.8358 83.0268 59.493 21.735 198.058 89.4305 60.9141 57.1267 61.7758 150.391 13.8254 135.616 88.0112 135.53 176.389 78.8079 73.0562 212.938 193.898 15.7309 52.3616 110.569 157.269 134.881 123.65 73.5626 168.907 158.149 88.0333 69.4102 114.617 130.151 177.333 0 40.8868 
130.414 173.557 185.024 157.308 32.8313 80.0276 76.3631 152.08 129.503 115.96 103.295 152.871 81.8609 167.72 148.691 37.9197 111.469 58.9155 75.2446 174.11 110.617 198.288 117.229 62.5192 157.647 12.949 42.14 18.6062 61.4894 175.5 66.8729 47.129 98.0135 74.6395 127.834 32.9345 113.059 65.4535 154.294 153.832 37.9211 32.1694 190.38 171.34 31.452 29.804 69.6822 134.712 112.323 101.092 93.491 146.349 135.591 52.249 86.8066 92.0598 107.594 154.775 40.8868 0 
