60 60 61 120 
61 165.407 19.9839
62 175.662 90.1307
63 193.956 19.2866
64 9.15343 46.1378
65 176.792 34.2265
66 176.026 71.4401
67 141.24 94.4944
68 46.9957 51.6741
69 122.036 32.2462
70 185.189 72.2999
71 167.201 74.6756
72 112.431 69.381
73 153.389 69.592
74 3.08542 46.7159
75 129.739 83.7765
76 106.21 58.6622
77 58.1684 40.0054
78 35.8494 95.5736
79 109.691 80.9146
80 71.5264 91.7264
81 153.342 23.3849
82 81.432 57.3108
83 154.843 97.305
84 31.5095 40.7559
85 23.7967 5.96109
86 168.056 82.4063
87 156.068 65.4615
88 170.576 51.428
89 10.7057 30.6912
90 154.549 18.1621
91 189.669 54.8329
92 69.7644 36.634
93 142.912 1.43919
94 141.782 84.3822
95 6.62578 94.6371
96 105.785 54.8609
97 32.9916 35.1777
98 90.8193 59.2843
99 162.211 23.6855
100 74.7968 75.989
101 1.34752 84.1679
102 30.8047 65.3925
103 125.215 88.9388
104 199.806 82.8609
105 190.839 69.8763
106 75.754 37.4888
107 180.773 18.4566
108 132.183 41.1836
109 62.6953 10.7149
110 29.7891 17.3117
111 156.071 12.7134
112 182.607 87.2572
113 125.357 63.7667
114 9.69934 32.5477
115 115.511 4.2135
116 129.447 3.53723
117 44.9541 41.3284
118 51.682 59.2969
119 97.4932 70.5358
120 15.6618 96.9482
0 80.4015 29.2463 182.408 25.6275 62.075 98.6777 150.102 55.6333 72.0984 56.4855 102.374 61.6262 189.054 99.4609 97.8755 127.26 205.147 116.646 165.623 15.4659 121.302 87.8855 154.67 155.633 65.0717 54.8172 36.6134 165.409 12.6801 59.1109 112.293 41.04 88.0233 233.434 94.4989 147.609 113.888 6.89789 146.615 228.244 180.011 109.147 97.2764 75.3247 107.158 16.8936 54.4235 111.981 138.29 16.6063 84.4732 83.8324 168.272 65.6667 52.4065 141.798 153.038 118.466 226.71 
80.4015 0 89.1385 210.501 57.0345 19.0548 38.7855 167.123 111.51 27.3586 23.9161 83.981 42.8114 215.991 52.2771 100.92 167.619 145.255 75.1865 105.731 89.0655 127.05 27.9933 193.527 236.035 15.3298 44.2633 43.7882 224.396 93.0817 49.3049 159.394 121.442 39.6283 173.542 105.146 197.623 115.689 79.8962 115.007 180.277 169.595 51.6388 31.4144 35.432 152.55 76.7858 92.4255 192.382 218.692 97.0079 9.81873 76.6683 223.545 146.068 132.808 179.51 154.814 97.7634 166.817 
29.2463 89.1385 0 211.654 32.1041 70.0838 127.924 179.348 84.8796 61.78 82.1444 131.62 90.8725 218.3 128.707 127.122 156.506 234.394 145.893 194.869 44.7123 150.548 117.132 183.916 183.485 89.0196 84.0635 55.5213 194.655 40.532 39.8336 141.539 68.8919 117.27 262.681 123.745 176.856 143.135 36.1442 175.862 257.49 209.257 138.394 69.4246 53.7065 136.404 14.0128 83.6699 139.833 166.142 44.4582 79.3198 113.079 197.518 93.5186 80.2584 171.044 182.285 147.712 255.956 
182.408 210.501 211.654 0 179.55 192.175 180.443 43.3786 126.774 202.198 186.585 126.52 167.69 6.64614 158.224 109.581 55.1474 76.1318 135.315 107.962 166.942 83.4516 196.856 27.7379 54.82 195.171 166.238 166.713 16.9989 173.371 189.211 70.1148 178.457 170.873 51.0269 105.355 34.7983 94.8123 175.51 95.4946 45.836 40.9059 158.862 227.376 205.424 75.2496 199.301 127.984 88.9648 49.4618 180.342 214.573 133.833 14.136 148.282 162.894 40.61 55.6877 112.738 57.3188 
25.6275 57.0345 32.1041 179.55 0 37.9797 95.82 147.244 56.736 46.4709 50.0403 99.5159 58.7685 186.196 96.6032 95.0177 124.402 202.29 113.789 162.765 34.2914 118.444 85.0278 151.812 181.261 56.9155 51.9595 23.4172 169.621 38.3076 33.4834 109.435 66.6675 85.1656 230.577 91.6412 144.752 111.03 25.1222 143.758 225.386 177.153 106.289 71.6489 49.6972 104.3 19.7513 51.5658 137.608 163.918 42.2338 58.8457 80.9747 168.771 91.2942 78.034 138.94 150.18 115.608 223.852 
62.075 19.0548 70.0838 192.175 37.9797 0 57.8403 148.796 93.1836 10.0234 12.0606 65.6545 24.4849 197.665 58.6234 82.5937 149.292 164.31 75.8089 124.786 70.739 108.723 47.0481 175.201 217.708 18.9358 25.9368 25.4617 206.069 74.7552 30.2501 141.068 103.115 47.1859 192.597 86.8198 179.297 97.3624 61.5697 105.778 187.406 151.269 68.3098 35.2014 16.3773 134.223 57.731 74.099 174.056 200.365 78.6814 22.3982 58.3418 205.219 127.742 114.482 161.183 136.487 79.4369 185.872 
98.6777 38.7855 127.924 180.443 95.82 57.8403 0 137.064 81.4519 66.1441 45.7796 53.9228 37.0515 185.933 22.2189 70.862 137.56 106.47 45.1283 72.4814 83.2117 96.9914 16.4135 163.469 205.976 38.9044 43.8605 72.4028 194.337 89.6411 88.0904 129.336 94.727 10.6544 134.757 75.0881 167.565 85.6307 91.7798 84.9484 150.219 139.537 21.5806 70.2 74.2175 122.491 115.571 62.3673 162.324 188.633 96.6122 48.6042 46.6101 193.487 116.01 102.75 149.452 124.755 67.7052 128.032 
150.102 167.123 179.348 43.3786 147.244 148.796 137.064 0 94.4684 158.82 143.207 83.1417 124.311 48.8684 114.846 66.2024 22.8415 55.0457 91.9362 64.583 134.636 40.073 153.478 26.4044 68.912 151.793 122.859 123.827 57.2729 141.065 145.832 37.8089 146.151 127.494 83.3328 61.9763 30.5005 51.4337 143.204 52.116 78.1419 29.9094 115.484 183.998 162.046 42.9436 166.995 95.6781 56.6589 51.569 148.036 171.194 90.4543 56.4227 115.976 130.588 12.3873 12.3091 69.3592 76.6079 
55.6333 111.51 84.8796 126.774 56.736 93.1836 81.4519 94.4684 0 103.207 87.594 46.7404 68.6987 133.42 59.233 42.2422 71.6269 149.514 61.0131 109.99 40.1673 65.6687 97.8653 99.0364 124.525 96.1803 67.2467 67.7219 112.885 46.5966 90.2194 56.6595 51.6826 71.8818 177.801 38.8656 91.976 58.2549 48.7354 90.9821 172.61 124.378 59.8713 128.385 106.433 51.5247 72.5268 19.0845 80.8722 107.182 53.5678 115.582 34.8417 112.638 34.5582 36.12 86.1643 97.4049 62.8325 171.076 
72.0984 27.3586 61.78 202.198 46.4709 10.0234 66.1441 158.82 103.207 0 20.3644 75.6778 34.5083 207.688 66.9273 92.6171 159.316 172.614 84.1127 133.09 80.7623 118.746 55.3519 185.224 227.732 27.2396 35.9602 35.485 216.092 84.7785 21.9463 151.091 113.138 55.4897 200.901 96.8432 189.32 107.386 71.5931 114.082 195.71 161.292 76.6136 25.178 8.07346 144.247 58.2593 84.1224 184.079 210.389 88.7047 17.5398 68.3652 215.242 137.765 124.505 171.207 146.51 89.4603 194.176 
56.4855 23.9161 82.1444 186.585 50.0403 12.0606 45.7796 143.207 87.594 20.3644 0 60.0649 18.8953 192.075 46.5628 77.0042 143.703 152.249 63.7483 112.725 65.1494 103.134 34.9874 169.611 212.119 8.58624 20.3473 26.6231 200.479 69.1656 42.3108 135.478 97.5255 35.1253 180.536 81.2303 173.707 91.7729 55.9802 93.7173 175.345 145.679 56.2491 40.791 28.4379 128.634 69.7916 68.5095 168.466 194.776 73.0918 27.9877 52.7523 199.629 122.152 108.892 155.594 130.897 73.8474 173.811 
102.374 83.981 131.62 126.52 99.5159 65.6545 53.9228 83.1417 46.7404 75.6778 60.0649 0 41.1696 132.01 31.7038 16.9392 83.6377 102.774 14.2727 63.2495 86.9077 43.0687 70.3362 109.546 152.054 68.6511 47.5565 76.0987 140.415 93.337 91.7864 75.4131 98.423 44.3527 131.061 21.1654 113.642 31.708 95.4758 44.2417 125.87 85.6143 32.3422 100.856 78.9041 68.5687 119.267 47.9501 108.401 134.711 100.308 88.0526 18.5412 139.564 68.2476 82.8604 95.529 70.8326 16.0921 124.336 
61.6262 42.8114 90.8725 167.69 58.7685 24.4849 37.0515 124.311 68.6987 34.5083 18.8953 41.1696 0 173.18 37.8347 58.1088 124.807 143.521 55.0201 103.997 46.2541 84.2382 29.1667 150.716 193.223 27.4816 6.80901 35.3513 181.584 52.5896 51.0389 116.583 78.6301 26.3971 171.808 62.3349 154.812 72.8775 54.7283 84.9891 166.617 126.784 47.521 59.6863 37.7346 109.738 78.5198 49.6141 149.571 175.88 59.5607 46.8831 33.8569 180.734 103.257 89.9967 136.699 112.002 56.8396 165.083 
189.054 215.991 218.3 6.64614 186.196 197.665 185.933 48.8684 133.42 207.688 192.075 132.01 173.18 0 163.714 115.071 61.7936 81.6217 140.805 113.451 173.588 88.9415 202.346 34.384 61.4661 200.661 171.728 172.203 23.6451 180.017 194.7 76.761 185.103 176.363 51.4615 110.845 41.4445 100.302 182.156 100.984 39.1898 46.3958 164.352 232.866 210.914 81.8957 205.947 134.63 95.6109 56.108 186.988 220.063 139.323 20.7821 154.928 169.54 47.2561 61.1775 118.228 62.8087 
99.4609 52.2771 128.707 158.224 96.6032 58.6234 22.2189 114.846 59.233 66.9273 46.5628 31.7038 37.8347 163.714 0 48.6431 115.342 105.686 22.9094 66.1623 83.9949 74.7725 38.6324 141.25 183.758 39.6876 44.6437 73.186 172.118 90.4242 88.8736 107.117 95.5102 12.6489 133.974 52.8692 145.346 63.4118 92.563 62.7295 128.783 117.318 9.6863 70.9831 75.0007 100.273 116.354 45.0373 140.105 166.415 97.3954 56.3488 24.3912 171.268 93.7911 80.531 127.233 102.536 45.4863 127.249 
97.8755 100.92 127.122 109.581 95.0177 82.5937 70.862 66.2024 42.2422 92.6171 77.0042 16.9392 58.1088 115.071 48.6431 0 66.6985 107.272 25.7337 67.7477 82.4095 26.1294 87.2755 92.6068 135.114 85.5904 56.6569 71.6005 123.475 88.8388 87.2882 58.4739 93.9248 61.2919 135.559 4.22614 96.703 16.0127 90.9776 48.7399 130.368 82.1356 49.2815 117.795 95.8434 51.6294 114.769 43.4519 91.4621 117.771 95.81 104.992 24.2519 122.625 63.7494 78.3622 78.5897 55.1627 20.5903 128.834 
127.26 167.619 156.506 55.1474 124.402 149.292 137.56 22.8415 71.6269 159.316 143.703 83.6377 124.807 61.7936 115.342 66.6985 0 77.8872 92.4322 65.079 111.794 40.5691 153.974 27.4095 68.416 152.289 123.355 123.831 56.7768 118.224 146.328 14.9674 123.309 127.99 106.174 62.4723 30.0045 51.9298 120.362 52.6121 100.983 52.7509 115.98 184.494 162.542 20.1021 144.154 75.1931 33.8174 51.073 125.195 171.69 90.9503 55.9267 93.1341 107.747 14.5374 25.778 69.8553 99.4494 
205.147 145.255 234.394 76.1318 202.29 164.31 106.47 55.0457 149.514 172.614 152.249 102.774 143.521 81.6217 105.686 107.272 77.8872 0 88.501 39.5242 189.681 83.8454 120.725 59.1577 101.665 145.374 150.33 178.872 90.0261 196.111 194.56 92.8546 201.197 117.124 30.1602 110.648 63.2538 91.2592 198.249 58.532 45.9077 35.2259 96.0002 176.67 180.687 97.9894 222.041 150.724 111.705 84.3223 203.082 155.074 121.315 89.176 171.021 185.634 63.3498 52.1092 86.6816 21.5622 
116.646 75.1865 145.893 135.315 113.789 75.8089 45.1283 91.9362 61.0131 84.1127 63.7483 14.2727 55.0201 140.805 22.9094 25.7337 92.4322 88.501 0 48.9768 101.18 51.8631 61.5417 118.341 160.848 59.8566 61.8292 90.3714 149.209 107.61 106.059 84.2076 112.696 35.5582 116.788 29.9599 122.437 40.5024 109.748 39.8201 111.597 94.4088 23.5477 92.0614 92.1862 77.3632 133.54 62.2228 117.196 143.505 114.581 79.2582 32.8139 148.359 82.5203 97.133 104.323 79.6271 22.577 110.063 
165.623 105.731 194.869 107.962 162.765 124.786 72.4814 64.583 109.99 133.09 112.725 63.2495 103.997 113.451 66.1623 67.7477 65.079 39.5242 48.9768 0 150.157 44.3212 88.8949 90.9874 133.495 105.85 110.806 139.348 121.856 156.587 155.036 56.8544 161.672 77.5998 67.8113 71.1242 95.0836 51.735 158.725 19.0078 77.7374 67.0556 56.4759 137.145 141.163 58.4651 182.517 111.2 89.8427 116.152 163.558 115.55 81.7907 121.006 131.497 146.11 76.9703 52.2739 47.1573 61.0864 
15.4659 89.0655 44.7123 166.942 34.2914 70.739 83.2117 134.636 40.1673 80.7623 65.1494 86.9077 46.2541 173.588 83.9949 82.4095 111.794 189.681 101.18 150.157 0 105.836 75.4207 139.204 146.969 73.7357 44.8021 45.2773 149.943 6.42931 67.7748 96.8268 32.3761 72.5574 217.969 79.0329 132.143 98.4222 9.16927 131.149 212.778 164.545 93.6812 105.94 83.9886 91.6921 32.3595 38.9576 103.317 129.626 13.4005 93.1372 68.3665 152.806 57.0028 43.7426 126.332 137.572 103 211.244 
121.302 127.05 150.548 83.4516 118.444 108.723 96.9914 40.073 65.6687 118.746 103.134 43.0687 84.2382 88.9415 74.7725 26.1294 40.5691 83.8454 51.8631 44.3212 105.836 0 113.405 66.4774 108.985 111.72 82.7863 95.027 97.3459 112.265 110.715 32.3445 117.351 87.4214 112.132 26.8031 70.5736 11.3607 114.404 25.3134 106.942 58.7091 75.4109 143.925 121.973 25.5 138.196 66.8784 65.3327 91.642 119.236 131.121 50.3813 96.4957 87.1759 101.789 52.4603 31.7362 29.2862 105.408 
87.8855 27.9933 117.132 196.856 85.0278 47.0481 16.4135 153.478 97.8653 55.3519 34.9874 70.3362 29.1667 202.346 38.6324 87.2755 153.974 120.725 61.5417 88.8949 75.4207 113.405 0 179.882 222.39 28.1122 33.0683 61.6106 210.751 79.4369 77.2982 145.749 107.797 25.9835 150.885 91.5016 183.978 102.044 80.9876 101.362 166.632 155.951 37.994 59.4078 63.4253 138.905 104.779 78.7808 178.738 205.047 85.82 37.8121 63.0236 209.901 132.424 119.163 165.865 141.169 84.1187 139.538 
154.67 193.527 183.916 27.7379 151.812 175.201 163.469 26.4044 99.0364 185.224 169.611 109.546 150.716 34.384 141.25 92.6068 27.4095 59.1577 118.341 90.9874 139.204 66.4774 179.882 0 42.5076 178.197 149.264 149.739 30.8685 145.633 172.236 42.3769 150.719 153.899 78.7648 88.3807 7.06043 77.8381 147.772 78.5204 73.5739 25.3414 141.888 210.402 188.45 47.5117 171.563 101.101 61.2269 25.1646 152.604 197.599 116.859 30.0183 120.544 135.156 14.0171 38.7135 95.7636 72.0399 
155.633 236.035 183.485 54.82 181.261 217.708 205.976 68.912 124.525 227.732 212.119 152.054 193.223 61.4661 183.758 135.114 68.416 101.665 160.848 133.495 146.969 108.985 222.39 42.5076 0 220.705 191.771 192.246 37.8211 142.953 214.744 76.6406 123.637 196.406 105.847 130.888 38.4115 120.346 156.138 121.028 100.656 66.4394 184.396 252.91 230.958 83.485 169.472 143.609 43.6524 17.343 139.027 240.106 159.366 40.684 93.4616 108.074 56.5247 81.2211 138.271 99.122 
65.0717 15.3298 89.0196 195.171 56.9155 18.9358 38.9044 151.793 96.1803 27.2396 8.58624 68.6511 27.4816 200.661 39.6876 85.5904 152.289 145.374 59.8566 105.85 73.7357 111.72 28.1122 178.197 220.705 0 28.9335 33.4983 209.066 77.7518 49.186 144.064 106.112 28.2501 173.661 89.8165 182.293 100.359 64.5664 99.6768 168.47 154.265 49.3739 32.2047 35.3131 137.22 76.6668 77.0957 177.052 203.362 81.678 19.4015 61.3385 208.216 130.738 117.478 164.18 139.484 82.4336 166.936 
54.8172 44.2633 84.0635 166.238 51.9595 25.9368 43.8605 122.859 67.2467 35.9602 20.3473 47.5565 6.80901 171.728 44.6437 56.6569 123.355 150.33 61.8292 110.806 44.8021 82.7863 33.0683 149.264 191.771 28.9335 0 28.5423 180.132 48.8183 44.2299 115.131 77.1782 33.2061 178.617 60.883 153.36 71.4256 47.9193 91.7981 173.426 125.332 54.33 61.1382 39.1865 108.286 71.7108 48.1622 148.119 174.428 52.7517 48.335 32.405 179.282 101.805 88.5448 135.247 110.55 63.6486 171.892 
36.6134 43.7882 55.5213 166.713 23.4172 25.4617 72.4028 123.827 67.7219 35.485 26.6231 76.0987 35.3513 172.203 73.186 71.6005 123.831 178.872 90.3714 139.348 45.2773 95.027 61.6106 149.739 192.246 33.4983 28.5423 0 180.607 49.2935 22.4975 115.606 77.6534 61.7484 207.16 68.224 153.835 87.6132 36.108 120.34 201.969 153.736 82.8723 60.6631 38.7113 108.761 43.1685 48.6374 148.594 174.903 53.2197 47.8599 57.5575 179.757 102.28 89.0199 135.722 126.763 92.1909 200.435 
165.409 224.396 194.655 16.9989 169.621 206.069 194.337 57.2729 112.885 216.092 200.479 140.415 181.584 23.6451 172.118 123.475 56.7768 90.0261 149.209 121.856 149.943 97.3459 210.751 30.8685 37.8211 209.066 180.132 180.607 0 156.372 203.105 65.0014 161.458 184.767 68.0258 119.249 26.7723 108.707 158.511 109.389 62.8349 54.8003 172.757 241.27 219.319 71.8459 182.302 131.97 71.9659 32.4629 163.343 228.467 147.727 2.86296 131.283 145.895 44.8856 69.582 126.632 71.2131 
12.6801 93.0817 40.532 173.371 38.3076 74.7552 89.6411 141.065 46.5966 84.7785 69.1656 93.337 52.5896 180.017 90.4242 88.8388 118.224 196.111 107.61 156.587 6.42931 112.265 79.4369 145.633 142.953 77.7518 48.8183 49.2935 156.372 0 71.791 103.256 28.3599 78.9867 224.398 85.4623 138.573 104.852 13.1854 137.579 219.207 170.974 100.111 109.957 88.0048 98.1214 26.5192 45.3869 99.3006 125.61 6.97115 97.1533 74.7958 159.235 52.9866 39.7264 132.761 144.002 109.429 217.673 
59.1109 49.3049 39.8336 189.211 33.4834 30.2501 88.0904 145.832 90.2194 21.9463 42.3108 91.7864 51.0389 194.7 88.8736 87.2882 146.328 194.56 106.059 155.036 67.7748 110.715 77.2982 172.236 214.744 49.186 44.2299 22.4975 203.105 71.791 0 138.103 100.151 77.436 222.847 83.9116 176.333 103.301 58.6056 136.028 217.656 169.424 98.5599 38.1655 16.2138 131.259 45.2718 71.1349 171.092 197.401 75.7172 39.4862 73.2451 202.255 124.778 111.517 158.219 142.451 107.879 216.122 
112.293 159.394 141.539 70.1148 109.435 141.068 129.336 37.8089 56.6595 151.091 135.478 75.4131 116.583 76.761 107.117 58.4739 14.9674 92.8546 84.2076 56.8544 96.8268 32.3445 145.749 42.3769 76.6406 144.064 115.131 115.606 65.0014 103.256 138.103 0 108.342 119.766 121.142 54.2477 38.2291 43.7052 105.395 44.3875 115.951 67.7183 107.755 176.269 154.317 6.84442 129.186 66.9685 32.9882 59.2976 110.227 163.466 82.7257 64.1513 78.1667 92.7795 29.5048 40.7454 61.6306 114.417 
41.04 121.442 68.8919 178.457 66.6675 103.115 94.727 146.151 51.6826 113.138 97.5255 98.423 78.6301 185.103 95.5102 93.9248 123.309 201.197 112.696 161.672 32.3761 117.351 107.797 150.719 123.637 106.112 77.1782 77.6534 161.458 28.3599 100.151 108.342 0 84.0727 229.484 90.5482 143.659 109.938 41.5453 142.665 224.293 176.06 105.197 138.316 116.365 103.207 54.8791 50.4729 89.4921 128.995 24.4337 125.513 79.8818 164.321 30.1754 15.5626 137.847 149.088 114.515 222.759 
88.0233 39.6283 117.27 170.873 85.1656 47.1859 10.6544 127.494 71.8818 55.4897 35.1253 44.3527 26.3971 176.363 12.6489 61.2919 127.99 117.124 35.5582 77.5998 72.5574 87.4214 25.9835 153.899 196.406 28.2501 33.2061 61.7484 184.767 78.9867 77.436 119.766 84.0727 0 145.411 65.5181 157.995 76.0607 81.1254 75.3783 140.649 129.967 21.1239 59.5456 63.5632 112.921 104.917 52.7973 152.754 179.063 85.9578 43.6999 37.0401 183.917 106.44 93.1798 139.882 115.185 58.1352 138.686 
233.434 173.542 262.681 51.0269 230.577 192.597 134.757 83.3328 177.801 200.901 180.536 131.061 171.808 51.4615 133.974 135.559 106.174 30.1602 116.788 67.8113 217.969 112.132 150.885 78.7648 105.847 173.661 178.617 207.16 68.0258 224.398 222.847 121.142 229.484 145.411 0 138.936 85.8252 119.546 226.537 86.8191 15.7475 53.4234 124.287 204.957 208.974 126.276 250.328 179.011 139.992 100.489 231.369 183.361 149.602 65.1629 199.308 213.921 91.6369 80.3963 114.969 11.3472 
94.4989 105.146 123.745 105.355 91.6412 86.8198 75.0881 61.9763 38.8656 96.8432 81.2303 21.1654 62.3349 110.845 52.8692 4.22614 62.4723 110.648 29.9599 71.1242 79.0329 26.8031 91.5016 88.3807 130.888 89.8165 60.883 68.224 119.249 85.4623 83.9116 54.2477 90.5482 65.5181 138.936 0 92.4768 19.3893 87.601 52.1164 133.745 85.5122 53.5076 122.021 100.07 47.4033 111.392 40.0753 87.2359 113.545 92.4334 109.218 28.478 118.399 60.3729 74.9856 74.3636 58.5393 23.9669 132.211 
147.609 197.623 176.856 34.7983 144.752 179.297 167.565 30.5005 91.976 189.32 173.707 113.642 154.812 41.4445 145.346 96.703 30.0045 63.2538 122.437 95.0836 132.143 70.5736 183.978 7.06043 38.4115 182.293 153.36 153.835 26.7723 138.573 176.333 38.2291 143.659 157.995 85.8252 92.4768 0 81.9343 140.711 82.6166 80.6343 32.4018 145.984 214.498 192.546 45.0735 164.503 105.198 54.1665 21.0685 145.544 201.695 120.955 25.9222 113.483 128.096 18.1133 42.8096 99.8598 79.1003 
113.888 115.689 143.135 94.8123 111.03 97.3624 85.6307 51.4337 58.2549 107.386 91.7729 31.708 72.8775 100.302 63.4118 16.0127 51.9298 91.2592 40.5024 51.735 98.4222 11.3607 102.044 77.8381 120.346 100.359 71.4256 87.6132 108.707 104.852 103.301 43.7052 109.938 76.0607 119.546 19.3893 81.9343 0 106.99 32.7272 114.355 66.1229 64.0502 132.564 110.612 36.8607 130.782 59.4646 76.6934 103.003 111.823 119.761 39.0206 107.856 79.7622 94.3749 63.821 39.15 17.9255 112.821 
6.89789 79.8962 36.1442 175.51 25.1222 61.5697 91.7798 143.204 48.7354 71.5931 55.9802 95.4758 54.7283 182.156 92.563 90.9776 120.362 198.249 109.748 158.725 9.16927 114.404 80.9876 147.772 156.138 64.5664 47.9193 36.108 158.511 13.1854 58.6056 105.395 41.5453 81.1254 226.537 87.601 140.711 106.99 0 139.717 221.346 173.113 102.249 96.7711 74.8194 100.26 23.7915 47.5257 112.486 138.795 17.1117 83.9679 76.9345 161.374 66.172 52.9119 134.9 146.14 111.568 219.812 
146.615 115.007 175.862 95.4946 143.758 105.778 84.9484 52.116 90.9821 114.082 93.7173 44.2417 84.9891 100.984 62.7295 48.7399 52.6121 58.532 39.8201 19.0078 131.149 25.3134 101.362 78.5204 121.028 99.6768 91.7981 120.34 109.389 137.579 136.028 44.3875 142.665 75.3783 86.8191 52.1164 82.6166 32.7272 139.717 0 81.6282 54.5886 63.3678 131.882 122.155 39.4573 163.509 92.1918 77.3757 103.685 144.55 119.078 62.7829 108.539 112.489 127.102 64.5033 39.8069 28.1495 80.0942 
228.244 180.277 257.49 45.836 225.386 187.406 150.219 78.1419 172.61 195.71 175.345 125.87 166.617 39.1898 128.783 130.368 100.983 45.9077 111.597 77.7374 212.778 106.942 166.632 73.5739 100.656 168.47 173.426 201.969 62.8349 219.207 217.656 115.951 224.293 140.649 15.7475 133.745 80.6343 114.355 221.346 81.6282 0 48.2325 128.638 199.766 203.783 121.086 245.137 173.82 134.801 95.2978 226.178 184.349 144.411 59.9719 194.118 208.73 86.446 75.2053 109.778 27.0946 
180.011 169.595 209.257 40.9059 177.153 151.269 139.537 29.9094 124.378 161.292 145.679 85.6143 126.784 46.3958 117.318 82.1356 52.7509 35.2259 94.4088 67.0556 164.545 58.7091 155.951 25.3414 66.4394 154.265 125.332 153.736 54.8003 170.974 169.424 67.7183 176.06 129.967 53.4234 85.5122 32.4018 66.1229 173.113 54.5886 48.2325 0 117.956 186.47 164.518 72.853 196.905 125.587 86.5682 49.0964 177.946 173.667 96.1786 53.9501 145.885 160.498 38.2135 26.9729 71.8318 46.6985 
109.147 51.6388 138.394 158.862 106.289 68.3098 21.5806 115.484 59.8713 76.6136 56.2491 32.3422 47.521 164.352 9.6863 49.2815 115.98 96.0002 23.5477 56.4759 93.6812 75.4109 37.994 141.888 184.396 49.3739 54.33 82.8723 172.757 100.111 98.5599 107.755 105.197 21.1239 124.287 53.5076 145.984 64.0502 102.249 63.3678 128.638 117.956 0 80.6694 84.687 100.911 126.041 54.7236 140.744 167.053 107.082 59.0737 25.3148 171.907 94.4295 89.6339 127.871 103.175 46.1247 117.562 
97.2764 31.4144 69.4246 227.376 71.6489 35.2014 70.2 183.998 128.385 25.178 40.791 100.856 59.6863 232.866 70.9831 117.795 184.494 176.67 92.0614 137.145 105.94 143.925 59.4078 210.402 252.91 32.2047 61.1382 60.6631 241.27 109.957 38.1655 176.269 138.316 59.5456 204.957 122.021 214.498 132.564 96.7711 131.882 199.766 186.47 80.6694 0 21.9518 169.425 83.4374 109.3 209.257 235.567 113.883 21.5957 93.5432 240.42 162.943 149.683 196.385 171.688 114.638 198.232 
75.3247 35.432 53.7065 205.424 49.6972 16.3773 74.2175 162.046 106.433 8.07346 28.4379 78.9041 37.7346 210.914 75.0007 95.8434 162.542 180.687 92.1862 141.163 83.9886 121.973 63.4253 188.45 230.958 35.3131 39.1865 38.7113 219.319 88.0048 16.2138 154.317 116.365 63.5632 208.974 100.07 192.546 110.612 74.8194 122.155 203.783 164.518 84.687 21.9518 0 147.473 61.4856 87.3487 187.305 213.615 91.931 25.6133 71.5915 218.469 140.991 127.731 174.433 149.737 94.0056 202.249 
107.158 152.55 136.404 75.2496 104.3 134.223 122.491 42.9436 51.5247 144.247 128.634 68.5687 109.738 81.8957 100.273 51.6294 20.1021 97.9894 77.3632 58.4651 91.6921 25.5 138.905 47.5117 83.485 137.22 108.286 108.761 71.8459 98.1214 131.259 6.84442 103.207 112.921 126.276 47.4033 45.0735 36.8607 100.26 39.4573 121.086 72.853 100.911 169.425 147.473 0 124.052 60.1241 39.8327 66.142 105.093 156.621 75.8813 70.9957 73.032 87.6447 34.6396 45.8802 54.7862 119.552 
16.8936 76.7858 14.0128 199.301 19.7513 57.731 115.571 166.995 72.5268 58.2593 69.7916 119.267 78.5198 205.947 116.354 114.769 144.154 222.041 133.54 182.517 32.3595 138.196 104.779 171.563 169.472 76.6668 71.7108 43.1685 182.302 26.5192 45.2718 129.186 54.8791 104.917 250.328 111.392 164.503 130.782 23.7915 163.509 245.137 196.905 126.041 83.4374 61.4856 124.052 0 71.3171 125.82 152.129 30.4454 70.6342 100.726 185.165 79.5058 66.2456 158.691 169.932 135.359 243.603 
54.4235 92.4255 83.6699 127.984 51.5658 74.099 62.3673 95.6781 19.0845 84.1224 68.5095 47.9501 49.6141 134.63 45.0373 43.4519 75.1931 150.724 62.2228 111.2 38.9576 66.8784 78.7808 101.101 143.609 77.0957 48.1622 48.6374 131.97 45.3869 71.1349 66.9685 50.4729 52.7973 179.011 40.0753 105.198 59.4646 47.5257 92.1918 173.82 125.587 54.7236 109.3 87.3487 60.1241 71.3171 0 99.9568 126.266 52.3581 96.4972 29.4089 131.12 53.6427 40.3825 87.374 98.6146 64.0423 172.286 
111.981 192.382 139.833 88.9648 137.608 174.056 162.324 56.6589 80.8722 184.079 168.466 108.401 149.571 95.6109 140.105 91.4621 33.8174 111.705 117.196 89.8427 103.317 65.3327 178.738 61.2269 43.6524 177.052 148.119 148.594 71.9659 99.3006 171.092 32.9882 89.4921 152.754 139.992 87.2359 54.1665 76.6934 112.486 77.3757 134.801 86.5682 140.744 209.257 187.305 39.8327 125.82 99.9568 0 39.5029 95.3744 196.454 115.714 74.8288 59.3168 73.9295 48.3548 59.5954 94.6189 133.267 
138.29 218.692 166.142 49.4618 163.918 200.365 188.633 51.569 107.182 210.389 194.776 134.711 175.88 56.108 166.415 117.771 51.073 84.3223 143.505 116.152 129.626 91.642 205.047 25.1646 17.343 203.362 174.428 174.903 32.4629 125.61 197.401 59.2976 128.995 179.063 100.489 113.545 21.0685 103.003 138.795 103.685 95.2978 49.0964 167.053 235.567 213.615 66.142 152.129 126.266 39.5029 0 130.88 222.763 142.023 35.3259 98.8197 113.432 39.1817 63.8781 120.928 93.7638 
16.6063 97.0079 44.4582 180.342 42.2338 78.6814 96.6122 148.036 53.5678 88.7047 73.0918 100.308 59.5607 186.988 97.3954 95.81 125.195 203.082 114.581 163.558 13.4005 119.236 85.82 152.604 139.027 81.678 52.7517 53.2197 163.343 6.97115 75.7172 110.227 24.4337 85.9578 231.369 92.4334 145.544 111.823 17.1117 144.55 226.178 177.946 107.082 113.883 91.931 105.093 30.4454 52.3581 95.3744 130.88 0 101.08 81.7669 166.206 49.0604 35.8002 139.732 150.973 116.4 224.644 
84.4732 9.81873 79.3198 214.573 58.8457 22.3982 48.6042 171.194 115.582 17.5398 27.9877 88.0526 46.8831 220.063 56.3488 104.992 171.69 155.074 79.2582 115.55 93.1372 131.121 37.8121 197.599 240.106 19.4015 48.335 47.8599 228.467 97.1533 39.4862 163.466 125.513 43.6999 183.361 109.218 201.695 119.761 83.9679 119.078 184.349 173.667 59.0737 21.5957 25.6133 156.621 70.6342 96.4972 196.454 222.763 101.08 0 80.74 227.617 150.14 136.88 183.582 158.885 101.835 176.636 
83.8324 76.6683 113.079 133.833 80.9747 58.3418 46.6101 90.4543 34.8417 68.3652 52.7523 18.5412 33.8569 139.323 24.3912 24.2519 90.9503 121.315 32.8139 81.7907 68.3665 50.3813 63.0236 116.859 159.366 61.3385 32.405 57.5575 147.727 74.7958 73.2451 82.7257 79.8818 37.0401 149.602 28.478 120.955 39.0206 76.9345 62.7829 144.411 96.1786 25.3148 93.5432 71.5915 75.8813 100.726 29.4089 115.714 142.023 81.7669 80.74 0 146.877 69.3999 64.3191 102.842 78.1452 34.6334 142.877 
168.272 223.545 197.518 14.136 168.771 205.219 193.487 56.4227 112.638 215.242 199.629 139.564 180.734 20.7821 171.268 122.625 55.9267 89.176 148.359 121.006 152.806 96.4957 209.901 30.0183 40.684 208.216 179.282 179.757 2.86296 159.235 202.255 64.1513 164.321 183.917 65.1629 118.399 25.9222 107.856 161.374 108.539 59.9719 53.9501 171.907 240.42 218.469 70.9957 185.165 131.12 74.8288 35.3259 166.206 227.617 146.877 0 134.146 148.758 44.0354 68.7318 125.782 70.3629 
65.6667 146.068 93.5186 148.282 91.2942 127.742 116.01 115.976 34.5582 137.765 122.152 68.2476 103.257 154.928 93.7911 63.7494 93.1341 171.021 82.5203 131.497 57.0028 87.1759 132.424 120.544 93.4616 130.738 101.805 102.28 131.283 52.9866 124.778 78.1667 30.1754 106.44 199.308 60.3729 113.483 79.7622 66.172 112.489 194.118 145.885 94.4295 162.943 140.991 73.032 79.5058 53.6427 59.3168 98.8197 49.0604 150.14 69.3999 134.146 0 14.6127 107.672 118.912 84.3398 192.584 
52.4065 132.808 80.2584 162.894 78.034 114.482 102.75 130.588 36.12 124.505 108.892 82.8604 89.9967 169.54 80.531 78.3622 107.747 185.634 97.133 146.11 43.7426 101.789 119.163 135.156 108.074 117.478 88.5448 89.0199 145.895 39.7264 111.517 92.7795 15.5626 93.1798 213.921 74.9856 128.096 94.3749 52.9119 127.102 208.73 160.498 89.6339 149.683 127.731 87.6447 66.2456 40.3825 73.9295 113.432 35.8002 136.88 64.3191 148.758 14.6127 0 122.284 133.525 98.9525 207.196 
141.798 179.51 171.044 40.61 138.94 161.183 149.452 12.3873 86.1643 171.207 155.594 95.529 136.699 47.2561 127.233 78.5897 14.5374 63.3498 104.323 76.9703 126.332 52.4603 165.865 14.0171 56.5247 164.18 135.247 135.722 44.8856 132.761 158.219 29.5048 137.847 139.882 91.6369 74.3636 18.1133 63.821 134.9 64.5033 86.446 38.2135 127.871 196.385 174.433 34.6396 158.691 87.374 48.3548 39.1817 139.732 183.582 102.842 44.0354 107.672 122.284 0 24.6964 81.7465 84.912 
153.038 154.814 182.285 55.6877 150.18 136.487 124.755 12.3091 97.4049 146.51 130.897 70.8326 112.002 61.1775 102.536 55.1627 25.778 52.1092 79.6271 52.2739 137.572 31.7362 141.169 38.7135 81.2211 139.484 110.55 126.763 69.582 144.002 142.451 40.7454 149.088 115.185 80.3963 58.5393 42.8096 39.15 146.14 39.8069 75.2053 26.9729 103.175 171.688 149.737 45.8802 169.932 98.6146 59.5954 63.8781 150.973 158.885 78.1452 68.7318 118.912 133.525 24.6964 0 57.0501 73.6713 
118.466 97.7634 147.712 112.738 115.608 79.4369 67.7052 69.3592 62.8325 89.4603 73.8474 16.0921 56.8396 118.228 45.4863 20.5903 69.8553 86.6816 22.577 47.1573 103 29.2862 84.1187 95.7636 138.271 82.4336 63.6486 92.1909 126.632 109.429 107.879 61.6306 114.515 58.1352 114.969 23.9669 99.8598 17.9255 111.568 28.1495 109.778 71.8318 46.1247 114.638 94.0056 54.7862 135.359 64.0423 94.6189 120.928 116.4 101.835 34.6334 125.782 84.3398 98.9525 81.7465 57.0501 0 108.244 
226.71 166.817 255.956 57.3188 223.852 185.872 128.032 76.6079 171.076 194.176 173.811 124.336 165.083 62.8087 127.249 128.834 99.4494 21.5622 110.063 61.0864 211.244 105.408 139.538 72.0399 99.122 166.936 171.892 200.435 71.2131 217.673 216.122 114.417 222.759 138.686 11.3472 132.211 79.1003 112.821 219.812 80.0942 27.0946 46.6985 117.562 198.232 202.249 119.552 243.603 172.286 133.267 93.7638 224.644 176.636 142.877 70.3629 192.584 207.196 84.912 73.6713 108.244 0 
