60 60 61 120 
61 114.765 41.4399
62 151.881 29.5599
63 180.724 87.4154
64 96.3058 31.1061
65 193.686 19.5439
66 22.0147 38.1738
67 119.275 89.5677
68 58.5572 64.2159
69 143.455 2.48095
70 50.0369 36.2928
71 116.462 95.2775
72 159.351 80.5512
73 78.618 46.9012
74 191.434 63.4959
75 71.5779 69.2007
76 79.2617 50.0557
77 51.1755 30.5524
78 82.8408 5.41671
79 100.623 75.3032
80 0.740145 32.3573
81 104.383 63.4826
82 14.9892 39.8143
83 182.999 96.0834
84 194.535 38.5224
85 134.61 88.1649
86 68.458 1.00668
87 44.9372 15.0724
88 174.276 97.1064
89 153.641 92.3183
90 117.554 35.9603
91 15.6662 40.4347
92 43.2899 88.7532
93 162.018 0.493584
94 159.967 65.2282
95 71.8762 7.77474
96 85.6112 20.9428
97 199.492 6.08764
98 86.4733 19.2317
99 129.93 74.7174
100 101.412 81.5613
101 10.5868 48.62
102 55.6444 21.8423
103 85.0751 47.9685
104 184.474 84.5798
105 109.722 41.7641
106 39.4354 29.7674
107 83.8495 77.7566
108 81.3963 40.8993
109 42.7585 69.9407
110 195.265 88.2599
111 186.694 58.9807
112 158.306 2.49815
113 48.1623 97.3675
114 35.9762 99.5881
115 24.07 44.6413
116 152.804 27.1668
117 120.149 69.1411
118 169.097 63.519
119 68.739 54.0183
120 143.536 24.5404
0 48.9962 111.935 28.793 100.817 96.0165 52.6376 78.9838 67.6488 69.8752 55.5344 83.6975 41.6083 98.7253 70.9478 44.1191 74.4771 67.9475 48.0052 123.108 32.4248 101.401 122.877 82.6878 66.5702 86.7403 96.1954 115.178 89.754 8.26887 100.104 118.788 88.1991 68.9907 76.554 49.651 120.079 50.5 48.4424 53.4748 111.358 78.7183 36.2185 112.849 5.36718 87.0022 67.2322 33.9094 100.507 127.32 89.47 82.4827 122.53 136.937 93.8964 52.3118 33.0853 76.4111 58.6043 45.6701 
48.9962 0 86.6986 57.1216 51.8207 138.48 92.6141 127.98 35.5054 108.577 101.137 58.4613 90.6045 73.4891 119.944 93.1154 101.698 93.1837 97.0014 153.938 81.4211 147.146 97.641 51.6165 75.8759 111.977 121.432 89.9416 64.5179 40.7274 147.09 167.785 39.2028 43.7545 101.79 74.8872 71.0828 75.7361 67.1086 102.471 160.355 103.954 85.2147 87.6124 54.3634 112.653 116.228 81.8243 149.504 102.084 64.2339 33.4864 171.527 185.933 142.893 3.31553 71.3133 51.1749 107.601 13.3652 
111.935 86.6986 0 140.728 80.8331 207.951 63.6017 145.367 122.204 181.81 72.1245 28.2373 142.621 34.6297 127.361 138.822 186.412 179.882 92.2135 235.042 100.274 213.336 10.9424 62.704 46.8635 198.675 208.13 16.1388 31.9865 114.625 212.039 138.772 105.628 42.9441 188.489 161.586 100.095 162.435 63.4924 85.1669 208.933 190.653 135.096 6.58507 116.654 198.937 106.534 145.844 155.441 15.3853 34.4047 107.336 142.514 156.921 199.428 88.1693 78.8495 35.5237 145.382 100.064 
28.793 57.1216 140.728 0 108.942 81.3589 81.4306 70.8585 75.7741 51.4556 84.3274 112.491 33.4829 127.518 62.8225 35.9938 45.6841 39.1545 48.5143 96.8169 40.4535 90.0248 151.67 105.646 95.3633 57.9473 67.4023 143.971 118.547 26.1026 89.9682 110.663 96.3244 97.7838 47.761 20.858 128.204 21.7069 77.2355 55.5609 103.233 49.9253 28.0931 141.642 24.0743 58.2091 59.1069 24.7027 92.3819 156.113 118.263 90.608 114.405 128.812 85.7711 60.4371 61.8783 105.204 50.479 53.7955 
100.817 51.8207 80.8331 108.942 0 190.301 144.435 179.801 67.2939 160.398 152.958 95.3419 142.425 46.2034 171.765 144.936 153.519 124.972 148.822 205.759 133.242 198.967 87.2266 19.8279 127.697 143.765 153.22 96.9719 112.82 92.548 198.91 219.605 50.7184 79.4028 133.579 109.474 19.2621 107.525 118.929 154.292 212.175 140.34 137.035 74.248 106.184 164.474 168.049 133.645 201.324 70.2954 46.4284 52.4257 223.347 237.754 194.713 48.5051 123.134 68.5639 159.421 55.1468 
96.0165 138.48 207.951 81.3589 190.301 0 148.654 62.5846 157.133 29.9032 151.551 179.714 65.3307 194.742 80.5901 69.1289 36.7822 93.5832 115.738 27.091 107.677 8.66594 218.894 172.869 162.587 83.6104 46.0239 211.194 185.771 97.7531 8.60936 71.8547 177.683 165.007 80.2606 80.8275 209.563 83.4008 144.459 122.784 21.8741 49.9613 72.8552 208.865 91.2977 25.8271 101.418 62.1071 52.5107 223.337 185.487 171.967 85.3414 75.3759 8.52291 141.796 129.102 172.428 62.5688 135.154 
52.6376 92.6141 63.6017 81.4306 144.435 148.654 0 86.0695 111.267 122.513 8.52285 49.0928 83.3234 98.2313 68.064 79.5252 127.115 120.585 32.9163 175.745 40.9771 154.039 70.2396 126.306 16.7381 139.378 148.833 62.5402 37.1164 55.328 152.742 76.7994 131.817 65.032 129.192 102.289 163.697 103.138 25.5054 25.8697 149.636 131.356 75.7989 70.1867 57.3564 139.64 47.2364 86.547 96.1434 77.298 98.0063 126.101 78.9124 93.3192 140.131 95.9296 21.3008 75.8708 86.0853 89.288 
78.9838 127.98 145.367 70.8585 179.801 62.5846 86.0695 0 146.633 36.4432 88.9663 117.129 37.3755 133.597 18.0056 34.8647 41.0451 83.0828 53.1532 89.6756 46.559 67.9695 156.309 161.672 100.002 73.11 62.7634 148.61 123.186 87.2527 66.6722 39.8046 167.183 102.423 69.7602 70.3271 199.063 72.9004 81.8744 60.1999 63.5663 45.2863 42.7653 146.28 73.6166 53.5702 38.8331 46.1557 21.5235 160.752 133.372 161.466 43.5465 57.9532 54.0617 131.296 66.5173 111.237 20.3795 124.654 
67.6488 35.5054 122.204 75.7741 67.2939 157.133 111.267 146.633 0 127.23 119.789 93.9667 109.257 108.995 138.597 111.768 120.351 63.5498 115.654 172.591 100.074 165.799 133.146 87.1219 94.5285 76.4711 111.109 125.447 100.023 59.3799 165.742 186.437 20.5503 79.2599 76.8724 76.3055 59.6436 73.7322 85.7612 121.124 179.007 107.172 103.867 123.118 73.016 131.306 134.881 100.477 168.156 137.589 99.7392 14.8683 190.179 204.586 161.545 34.0347 89.9659 86.6803 126.253 22.1402 
69.8752 108.577 181.81 51.4556 160.398 29.9032 122.513 36.4432 127.23 0 125.41 153.573 39.1894 168.601 54.4488 42.9876 6.87898 63.68 89.5965 53.2324 81.5357 38.5692 192.752 146.728 136.445 53.7072 26.3202 185.053 159.629 67.8499 38.5126 59.2074 147.78 138.866 50.3574 50.9243 179.66 53.4975 118.318 96.6431 51.7773 20.058 46.7139 182.724 65.1564 17.127 75.2764 35.9658 40.9263 197.195 159.345 142.064 62.9493 77.356 34.3154 111.893 102.961 146.286 36.4275 105.251 
55.5344 101.137 72.1245 84.3274 152.958 151.551 8.52285 88.9663 119.789 125.41 0 57.6157 86.2202 106.754 70.9607 82.422 130.011 123.482 35.8131 178.642 43.8738 156.936 67.3428 134.829 25.261 142.275 151.73 59.6435 40.138 60.4096 155.638 79.6962 140.34 73.5548 132.088 105.185 172.22 106.034 34.0283 28.7665 152.533 134.253 78.6957 78.7096 60.2531 142.537 50.1332 89.4438 99.0401 85.8209 106.529 134.623 70.3896 84.7963 143.028 104.452 29.8236 84.3936 88.982 97.8108 
83.6975 58.4613 28.2373 112.491 95.3419 179.714 49.0928 117.129 93.9667 153.573 57.6157 0 114.383 49.1385 99.1239 110.585 158.175 151.645 63.9762 206.805 72.037 185.099 39.1797 77.2128 32.3547 170.438 179.893 31.4803 17.4777 86.3879 183.802 124.263 82.7241 15.9391 160.252 133.349 114.604 134.197 35.2551 58.9498 180.696 162.416 106.859 29.151 88.4163 170.7 78.2964 117.607 127.203 43.6226 48.9135 79.0984 128.005 142.412 171.191 59.932 50.6122 26.778 117.145 71.8265 
41.6083 90.6045 142.621 33.4829 142.425 65.3307 83.3234 37.3755 109.257 39.1894 86.2202 114.383 0 129.411 29.3396 3.79823 43.7913 45.7072 50.4071 92.4217 42.3463 70.7156 153.563 124.296 97.2561 56.0545 65.5095 145.864 120.44 49.8771 69.4183 77.1801 129.807 99.6766 45.8682 32.9515 161.687 35.5248 79.1283 57.4537 69.75 48.0324 7.52453 143.534 36.2411 56.3163 36.087 8.78016 58.899 158.006 120.156 124.091 80.922 95.3287 56.8078 93.92 63.7711 107.097 16.9961 87.2784 
98.7253 73.4891 34.6297 127.518 46.2034 194.742 98.2313 133.597 108.995 168.601 106.754 49.1385 129.411 0 125.561 125.613 173.202 166.673 102.619 221.833 87.0648 200.127 41.0232 28.0743 81.4932 185.466 194.921 50.7685 66.6162 101.416 198.829 173.402 92.419 33.1994 175.279 148.376 65.4655 149.225 72.7259 108.088 195.724 177.444 121.887 28.0446 103.444 185.727 121.846 132.635 155.121 28.5948 9.25529 94.1262 177.144 191.55 186.219 74.9598 76.9306 22.3606 132.173 86.8543 
70.9478 119.944 127.361 62.8225 171.765 80.5901 68.064 18.0056 138.597 54.4488 70.9607 99.1239 29.3396 125.561 0 26.8287 59.0507 75.0468 35.1477 107.681 38.523 85.9751 138.304 153.636 81.9966 71.314 80.769 130.604 105.18 79.2167 84.6778 47.8406 159.147 92.3619 61.7242 62.2911 191.027 64.8644 63.8688 42.1943 81.5718 63.2919 34.7294 128.275 65.5806 71.5758 20.8275 38.1197 29.5595 142.746 125.336 153.43 51.5825 65.9892 72.0672 123.26 48.6307 103.201 18.0213 116.618 
44.1191 93.1154 138.822 35.9938 144.936 69.1289 79.5252 34.8647 111.768 42.9876 82.422 110.585 3.79823 125.613 26.8287 0 47.5895 48.2181 46.6089 96.22 38.5481 74.5138 149.765 126.807 93.4578 59.8527 69.3078 142.065 116.642 52.388 73.2165 74.6693 132.318 95.8783 49.6664 35.4624 164.198 38.0357 75.33 53.6555 70.1106 51.8307 7.90067 139.736 38.752 60.1146 32.2888 11.291 56.3881 154.208 116.358 126.602 78.4112 92.8179 60.606 96.4309 59.9729 103.299 14.4852 89.7893 
74.4771 101.698 186.412 45.6841 153.519 36.7822 127.115 41.0451 120.351 6.87898 130.011 158.175 43.7913 173.202 59.0507 47.5895 0 56.801 94.1984 52.2402 86.1376 45.4482 197.354 151.33 141.047 46.8282 21.7183 189.655 164.231 71.7867 45.3916 66.0864 140.901 143.468 43.4784 44.0453 172.781 46.6186 122.92 101.245 58.6563 13.179 51.3158 187.326 69.7583 12.5251 79.8783 40.5677 47.8053 201.797 163.947 135.185 69.8283 84.235 41.1944 105.014 107.562 150.888 41.0294 98.3721 
67.9475 93.1837 179.882 39.1545 124.972 93.5832 120.585 83.0828 63.5498 63.68 123.482 151.645 45.7072 166.673 75.0468 48.2181 56.801 0 87.6688 109.041 79.608 102.249 190.825 144.8 134.518 18.7928 47.5593 183.125 157.702 65.2571 102.193 122.887 84.1001 136.938 13.3226 18.2965 117.322 17.4475 116.39 94.7154 115.457 43.6219 44.7862 180.796 63.2287 67.7561 73.3487 36.9271 104.606 195.268 157.418 78.3837 126.629 141.036 97.9954 91.713 101.033 144.359 62.7033 79.8185 
48.0052 97.0014 92.2135 48.5143 148.822 115.738 32.9163 53.1532 115.654 89.5965 35.8131 63.9762 50.4071 102.619 35.1477 46.6089 94.1984 87.6688 0 142.829 15.5803 121.123 103.156 130.693 46.849 106.462 115.917 95.4565 70.0328 56.274 119.825 70.7832 136.204 69.4193 96.2753 69.3723 168.084 70.2212 29.8927 7.04662 116.719 98.4396 42.8826 93.1273 42.638 106.723 19.2271 53.6307 63.2271 107.599 102.394 130.488 74.5251 88.9318 107.215 100.317 25.6881 80.2581 53.169 93.6753 
123.108 153.938 235.042 96.8169 205.759 27.091 175.745 89.6756 172.591 53.2324 178.642 206.805 92.4217 221.833 107.681 96.22 52.2402 109.041 142.829 0 134.768 21.7061 245.985 199.96 189.678 99.0684 61.4819 238.285 212.862 120.417 23.0034 98.9458 193.141 192.098 95.7186 96.2855 225.021 98.8588 171.55 149.875 26.1093 65.4192 99.9463 235.956 118.389 41.2851 128.509 89.1982 79.6018 250.428 212.578 187.425 112.432 102.467 35.6139 157.254 156.193 199.519 89.6599 150.612 
32.4248 81.4211 100.274 40.4535 133.242 107.677 40.9771 46.559 100.074 81.5357 43.8738 72.037 42.3463 87.0648 38.523 38.5481 86.1376 79.608 15.5803 134.768 0 113.062 111.217 115.113 54.9097 98.4009 107.856 103.517 78.0935 40.6937 111.765 86.3636 120.624 57.3302 88.2145 61.3115 152.504 62.1605 36.7819 21.05 108.659 90.3788 34.8218 101.188 27.0577 98.6627 34.8074 45.5699 68.0824 115.66 86.8133 114.908 90.1054 104.512 99.1541 84.7366 21.4248 64.7505 45.1082 78.095 
101.401 147.146 213.336 90.0248 198.967 8.66594 154.039 67.9695 165.799 38.5692 156.936 185.099 70.7156 200.127 85.9751 74.5138 45.4482 102.249 121.123 21.7061 113.062 0 224.279 180.838 167.972 92.2764 54.6899 216.579 191.155 106.419 1.2973 77.2396 186.349 170.392 88.9265 89.4934 218.229 92.0667 149.844 128.169 13.2081 58.6272 78.2401 214.25 96.6827 34.4931 106.803 67.492 57.8957 228.722 190.871 180.633 90.7263 80.7608 13.9078 150.462 134.487 177.812 67.9537 143.82 
122.877 97.641 10.9424 151.67 87.2266 218.894 70.2396 156.309 133.146 192.752 67.3428 39.1797 153.563 41.0232 138.304 149.765 197.354 190.825 103.156 245.985 111.217 224.279 0 69.0975 56.3069 209.618 219.073 9.7453 33.1231 125.568 222.981 147.039 116.571 53.8865 199.431 172.528 106.489 173.377 74.4347 96.1093 219.875 201.595 146.038 12.9786 127.596 209.879 117.476 156.787 166.383 20.0899 40.7982 118.278 136.121 150.527 210.371 99.1117 89.7919 46.4661 156.325 111.006 
82.6878 51.6165 62.704 105.646 19.8279 172.869 126.306 161.672 87.1219 146.728 134.829 77.2128 124.296 28.0743 153.636 126.807 151.33 144.8 130.693 199.96 115.113 180.838 69.0975 0 109.568 163.593 173.048 78.8428 94.6905 79.543 180.781 201.476 70.5463 61.2737 153.407 126.504 37.3912 127.353 100.8 136.163 194.046 155.571 118.906 56.1189 88.055 163.855 149.92 115.516 183.195 50.4675 28.2993 72.2536 205.218 219.625 176.584 53.0872 105.005 50.4349 141.292 64.9817 
66.5702 75.8759 46.8635 95.3633 127.697 162.587 16.7381 100.002 94.5285 136.445 25.261 32.3547 97.2561 81.4932 81.9966 93.4578 141.047 134.518 46.849 189.678 54.9097 167.972 56.3069 109.568 0 153.311 162.766 48.6076 23.1838 69.2606 166.674 91.9087 115.079 48.2938 143.124 116.221 146.959 117.07 18.1278 39.8023 163.568 145.289 89.7315 53.4486 71.289 153.572 61.1691 100.48 110.076 60.7499 81.2682 109.362 95.6506 110.057 154.064 79.1915 33.4849 59.1326 100.018 72.5498 
86.7403 111.977 198.675 57.9473 143.765 83.6104 139.378 73.11 76.4711 53.7072 142.275 170.438 56.0545 185.466 71.314 59.8527 46.8282 18.7928 106.462 99.0684 98.4009 92.2764 209.618 163.593 153.311 0 37.5865 201.918 176.494 84.0499 92.2198 112.915 94.0729 155.731 10.1863 37.0893 136.115 36.2404 135.183 113.508 105.484 33.6492 63.579 199.589 82.0216 57.7833 92.1415 52.8309 94.6335 214.06 176.21 91.3394 116.656 131.063 88.0226 110.506 119.826 163.151 53.2927 98.6113 
96.1954 121.432 208.13 67.4023 153.22 46.0239 148.833 62.7634 111.109 26.3202 151.73 179.893 65.5095 194.921 80.769 69.3078 21.7183 47.5593 115.917 61.4819 107.856 54.6899 219.073 173.048 162.766 37.5865 0 211.373 185.949 93.505 54.6333 75.3281 131.659 165.186 34.2367 46.5443 163.539 45.6954 144.638 122.963 67.898 17.4771 73.0341 209.044 91.4766 20.1968 101.597 62.286 57.047 223.515 185.665 125.943 85.5203 93.4767 50.4361 119.961 129.281 172.606 62.7477 108.066 
115.178 89.9416 16.1388 143.971 96.9719 211.194 62.5402 148.61 125.447 185.053 59.6435 31.4803 145.864 50.7685 130.604 142.065 189.655 183.125 95.4565 238.285 103.517 216.579 9.7453 78.8428 48.6076 201.918 211.373 0 25.4238 117.868 215.282 139.34 108.871 46.1871 191.732 164.829 116.234 165.678 66.7354 88.4099 212.176 193.896 138.339 22.7239 119.897 202.18 109.777 149.087 158.684 29.8352 50.5435 110.579 126.375 140.782 202.671 91.4123 82.0925 38.7668 148.626 103.307 
89.754 64.5179 31.9865 118.547 112.82 185.771 37.1164 123.186 100.023 159.629 40.138 17.4777 120.44 66.6162 105.18 116.642 164.231 157.702 70.0328 212.862 78.0935 191.155 33.1231 94.6905 23.1838 176.494 185.949 25.4238 0 92.4444 189.858 113.916 100.202 33.4168 166.308 139.405 132.082 140.254 41.3116 62.9861 186.752 168.472 112.915 38.5716 94.4728 176.756 84.3529 123.663 133.26 45.6828 66.3912 94.4853 110.528 124.934 177.248 65.9885 56.6687 44.2556 123.202 77.883 
8.26887 40.7274 114.625 26.1026 92.548 97.7531 55.328 87.2527 59.3799 67.8499 60.4096 86.3879 49.8771 101.416 79.2167 52.388 71.7867 65.2571 56.274 120.417 40.6937 106.419 125.568 79.543 69.2606 84.0499 93.505 117.868 92.4444 0 106.362 127.057 79.9302 71.6811 73.8636 46.9606 111.81 47.8096 51.1328 61.7437 119.627 76.0279 44.4873 115.539 13.636 84.3118 75.5011 41.097 108.776 130.011 92.1604 74.2138 130.799 145.206 102.165 44.0429 35.7757 79.1014 66.8732 37.4013 
100.104 147.09 212.039 89.9682 198.91 8.60936 152.742 66.6722 165.742 38.5126 155.638 183.802 69.4183 198.829 84.6778 73.2165 45.3916 102.193 119.825 23.0034 111.765 1.2973 222.981 180.781 166.674 92.2198 54.6333 215.282 189.858 106.362 0 75.9423 186.293 169.095 88.87 89.4369 218.173 92.0101 148.547 126.872 13.2647 58.5706 76.9428 212.953 95.3854 34.4365 105.505 66.1947 56.5984 227.424 189.574 180.576 89.429 79.4635 12.6105 150.405 133.189 176.515 66.6564 143.764 
118.788 167.785 138.772 110.663 219.605 71.8547 76.7994 39.8046 186.437 59.2074 79.6962 124.263 77.1801 173.402 47.8406 74.6693 66.0864 122.887 70.7832 98.9458 86.3636 77.2396 147.039 201.476 91.9087 112.915 75.3281 139.34 113.916 127.057 75.9423 0 206.987 140.203 109.565 110.132 238.867 112.705 100.676 65.3136 72.8364 79.2654 82.5699 145.357 113.421 62.8404 51.5562 85.9603 19.344 152.469 173.177 201.271 13.4867 18.1486 63.3318 171.1 96.4713 151.041 60.1841 164.459 
88.1991 39.2028 105.628 96.3244 50.7184 177.683 131.817 167.183 20.5503 147.78 140.34 82.7241 129.807 92.419 159.147 132.318 140.901 84.1001 136.204 193.141 120.624 186.349 116.571 70.5463 115.079 94.0729 131.659 108.871 100.202 79.9302 186.293 206.987 0 66.7849 97.4227 96.8558 43.0681 94.2825 106.311 141.674 199.557 127.722 124.418 106.542 93.5662 151.856 155.431 121.027 188.706 121.014 83.1637 5.71639 210.729 225.136 182.095 35.8873 110.516 70.1047 146.803 42.5289 
68.9907 43.7545 42.9441 97.7838 79.4028 165.007 65.032 102.423 79.2599 138.866 73.5548 15.9391 99.6766 33.1994 92.3619 95.8783 143.468 136.938 69.4193 192.098 57.3302 170.392 53.8865 61.2737 48.2938 155.731 165.186 46.1871 33.4168 71.6811 169.095 140.203 66.7849 0 145.545 118.642 98.6649 119.491 39.5265 74.8889 165.989 147.709 92.152 43.8578 73.7095 155.993 88.6463 102.9 121.921 58.3294 32.9744 64.3916 143.944 158.351 156.484 45.2252 43.7312 10.8388 102.438 57.1197 
76.554 101.79 188.489 47.761 133.579 80.2606 129.192 69.7602 76.8724 50.3574 132.088 160.252 45.8682 175.279 61.7242 49.6664 43.4784 13.3226 96.2753 95.7186 88.2145 88.9265 199.431 153.407 143.124 10.1863 34.2367 191.732 166.308 73.8636 88.87 109.565 97.4227 145.545 0 26.903 129.303 26.0541 124.996 103.322 102.135 30.2993 53.3927 189.403 71.8353 54.4335 81.9552 42.6446 91.2836 203.874 166.024 91.7063 113.307 127.713 84.6728 100.32 109.639 152.965 49.3807 88.425 
49.651 74.8872 161.586 20.858 109.474 80.8275 102.289 70.3271 76.3055 50.9243 105.185 133.349 32.9515 148.376 62.2911 35.4624 44.0453 18.2965 69.3723 96.2855 61.3115 89.4934 172.528 126.504 116.221 37.0893 46.5443 164.829 139.405 46.9606 89.4369 110.132 96.8558 118.642 26.903 0 128.736 2.57329 98.0934 76.4189 102.702 30.8662 27.5617 162.5 44.9322 55.0004 58.5755 24.1714 91.8505 176.971 139.121 91.1394 113.874 128.28 85.2397 73.4165 82.7363 126.062 49.9476 61.522 
120.079 71.0828 100.095 128.204 19.2621 209.563 163.697 199.063 59.6436 179.66 172.22 114.604 161.687 65.4655 191.027 164.198 172.781 117.322 168.084 225.021 152.504 218.229 106.489 37.3912 146.959 136.115 163.539 116.234 132.082 111.81 218.173 238.867 43.0681 98.6649 129.303 128.736 0 126.162 138.191 173.554 231.437 159.602 156.297 93.5101 125.446 183.736 187.311 152.907 220.586 86.3989 65.6905 44.7753 242.609 257.016 213.975 67.7673 142.396 87.8261 178.683 74.4089 
50.5 75.7361 162.435 21.7069 107.525 83.4008 103.138 72.9004 73.7322 53.4975 106.034 134.197 35.5248 149.225 64.8644 38.0357 46.6186 17.4475 70.2212 98.8588 62.1605 92.0667 173.377 127.353 117.07 36.2404 45.6954 165.678 140.254 47.8096 92.0101 112.705 94.2825 119.491 26.0541 2.57329 126.162 0 98.9424 77.2679 105.275 33.4395 30.135 163.348 45.7812 57.5737 61.1488 26.7447 94.4238 177.82 139.97 88.5661 116.447 130.854 87.813 74.2655 83.5853 126.911 52.5209 62.371 
48.4424 67.1086 63.4924 77.2355 118.929 144.459 25.5054 81.8744 85.7612 118.318 34.0283 35.2551 79.1283 72.7259 63.8688 75.33 122.92 116.39 29.8927 171.55 36.7819 149.844 74.4347 100.8 18.1278 135.183 144.638 66.7354 41.3116 51.1328 148.547 100.676 106.311 39.5265 124.996 98.0934 138.191 98.9424 0 35.3624 145.441 127.161 71.6037 64.4061 53.1612 135.445 49.1198 82.3518 91.9482 78.8777 72.5009 100.595 104.418 118.825 135.936 70.4242 15.3571 50.3653 81.8901 63.7825 
53.4748 102.471 85.1669 55.5609 154.292 122.784 25.8697 60.1999 121.124 96.6431 28.7665 58.9498 57.4537 108.088 42.1943 53.6555 101.245 94.7154 7.04662 149.875 21.05 128.169 96.1093 136.163 39.8023 113.508 122.963 88.4099 62.9861 61.7437 126.872 65.3136 141.674 74.8889 103.322 76.4189 173.554 77.2679 35.3624 0 123.766 105.486 49.9292 86.0806 48.1076 113.77 21.3667 60.6773 70.2737 100.552 107.863 135.957 69.0555 83.4622 114.262 105.787 31.1577 85.7278 60.2156 99.1449 
111.358 160.355 208.933 103.233 212.175 21.8741 149.636 63.5663 179.007 51.7773 152.533 180.696 69.75 195.724 81.5718 70.1106 58.6563 115.457 116.719 26.1093 108.659 13.2081 219.875 194.046 163.568 105.484 67.898 212.176 186.752 119.627 13.2647 72.8364 199.557 165.989 102.135 102.702 231.437 105.275 145.441 123.766 0 71.8353 75.1398 209.847 105.991 47.7012 102.399 78.5302 53.4924 224.318 186.468 193.841 86.3231 76.3576 17.4619 163.67 130.084 173.409 63.5505 157.028 
78.7183 103.954 190.653 49.9253 140.34 49.9613 131.356 45.2863 107.172 20.058 134.253 162.416 48.0324 177.444 63.2919 51.8307 13.179 43.6219 98.4396 65.4192 90.3788 58.6272 201.595 155.571 145.289 33.6492 17.4771 193.896 168.472 76.0279 58.5706 79.2654 127.722 147.709 30.2993 30.8662 159.602 33.4395 127.161 105.486 71.8353 0 55.557 191.567 73.9995 24.1341 84.1194 44.8089 60.9843 206.038 168.188 122.006 83.0073 97.414 54.3735 102.484 111.804 155.129 45.2706 90.5893 
36.2185 85.2147 135.096 28.0931 137.035 72.8552 75.7989 42.7653 103.867 46.7139 78.6957 106.859 7.52453 121.887 34.7294 7.90067 51.3158 44.7862 42.8826 99.9463 34.8218 78.2401 146.038 118.906 89.7315 63.579 73.0341 138.339 112.915 44.4873 76.9428 82.5699 124.418 92.152 53.3927 27.5617 156.297 30.135 71.6037 49.9292 75.1398 55.557 0 136.01 30.8513 63.8409 31.0138 10.7481 64.2888 150.481 112.631 118.701 86.3118 100.719 64.3323 88.5302 56.2466 99.5724 22.3859 81.8886 
112.849 87.6124 6.58507 141.642 74.248 208.865 70.1867 146.28 123.118 182.724 78.7096 29.151 143.534 28.0446 128.275 139.736 187.326 180.796 93.1273 235.956 101.188 214.25 12.9786 56.1189 53.4486 199.589 209.044 22.7239 38.5716 115.539 212.953 145.357 106.542 43.8578 189.403 162.5 93.5101 163.348 64.4061 86.0806 209.847 191.567 136.01 0 117.567 199.851 107.447 146.758 156.354 14.4716 27.8196 108.249 149.099 163.506 200.342 89.083 79.7632 36.4375 146.296 100.978 
5.36718 54.3634 116.654 24.0743 106.184 91.2977 57.3564 73.6166 73.016 65.1564 60.2531 88.4163 36.2411 103.444 65.5806 38.752 69.7583 63.2287 42.638 118.389 27.0577 96.6827 127.596 88.055 71.289 82.0216 91.4766 119.897 94.4728 13.636 95.3854 113.421 93.5662 73.7095 71.8353 44.9322 125.446 45.7812 53.1612 48.1076 105.991 73.9995 30.8513 117.567 0 82.2834 61.865 29.1906 95.1401 132.039 94.1888 87.8498 117.163 131.57 88.5293 57.6789 37.8041 81.1298 53.2372 51.0373 
87.0022 112.653 198.937 58.2091 164.474 25.8271 139.64 53.5702 131.306 17.127 142.537 170.7 56.3163 185.727 71.5758 60.1146 12.5251 67.7561 106.723 41.2851 98.6627 34.4931 209.879 163.855 153.572 57.7833 20.1968 202.18 176.756 84.3118 34.4365 62.8404 151.856 155.993 54.4335 55.0004 183.736 57.5737 135.445 113.77 47.7012 24.1341 63.8409 199.851 82.2834 0 92.4033 53.0928 43.4964 214.322 176.472 146.14 76.3271 73.2799 30.2393 115.969 120.087 163.413 53.5545 109.327 
67.2322 116.228 106.534 59.1069 168.049 101.418 47.2364 38.8331 134.881 75.2764 50.1332 78.2964 36.087 121.846 20.8275 32.2888 79.8783 73.3487 19.2271 128.509 34.8074 106.803 117.476 149.92 61.1691 92.1415 101.597 109.777 84.3529 75.5011 105.505 51.5562 155.431 88.6463 81.9552 58.5755 187.311 61.1488 49.1198 21.3667 102.399 84.1194 31.0138 107.447 61.865 92.4033 0 39.3106 48.9069 121.919 121.621 149.715 55.2981 69.7048 92.8948 119.544 44.9151 99.4852 38.8489 112.902 
33.9094 81.8243 145.844 24.7027 133.645 62.1071 86.547 46.1557 100.477 35.9658 89.4438 117.607 8.78016 132.635 38.1197 11.291 40.5677 36.9271 53.6307 89.1982 45.5699 67.492 156.787 115.516 100.48 52.8309 62.286 149.087 123.663 41.097 66.1947 85.9603 121.027 102.9 42.6446 24.1714 152.907 26.7447 82.3518 60.6773 78.5302 44.8089 10.7481 146.758 29.1906 53.0928 39.3106 0 67.6792 161.23 123.379 115.311 89.7022 104.109 61.0683 85.1399 66.9947 110.32 25.7762 78.4982 
100.507 149.504 155.441 92.3819 201.324 52.5107 96.1434 21.5235 168.156 40.9263 99.0401 127.203 58.899 155.121 29.5595 56.3881 47.8053 104.606 63.2271 79.6018 68.0824 57.8957 166.383 183.195 110.076 94.6335 57.047 158.684 133.26 108.776 56.5984 19.344 188.706 121.921 91.2836 91.8505 220.586 94.4238 91.9482 70.2737 53.4924 60.9843 64.2888 156.354 95.1401 43.4964 48.9069 67.6792 0 170.826 154.896 182.99 32.8307 36.4297 43.9878 152.819 78.1902 132.76 41.9029 146.177 
127.32 102.084 15.3853 156.113 70.2954 223.337 77.298 160.752 137.589 197.195 85.8209 43.6226 158.006 28.5948 142.746 154.208 201.797 195.268 107.599 250.428 115.66 228.722 20.0899 50.4675 60.7499 214.06 223.515 29.8352 45.6828 130.011 227.424 152.469 121.014 58.3294 203.874 176.971 86.3989 177.82 78.8777 100.552 224.318 206.038 150.481 14.4716 132.039 214.322 121.919 161.23 170.826 0 37.8501 122.721 156.21 170.617 214.814 103.555 94.2348 50.9091 160.768 115.449 
89.47 64.2339 34.4047 118.263 46.4284 185.487 98.0063 133.372 99.7392 159.345 106.529 48.9135 120.156 9.25529 125.336 116.358 163.947 157.418 102.394 212.578 86.8133 190.871 40.7982 28.2993 81.2682 176.21 185.665 50.5435 66.3912 92.1604 189.574 173.177 83.1637 32.9744 166.024 139.121 65.6905 139.97 72.5009 107.863 186.468 168.188 112.631 27.8196 94.1888 176.472 121.621 123.379 154.896 37.8501 0 84.8709 176.919 191.325 176.964 65.7045 76.7056 22.1356 122.918 77.599 
82.4827 33.4864 107.336 90.608 52.4257 171.967 126.101 161.466 14.8683 142.064 134.623 79.0984 124.091 94.1262 153.43 126.602 135.185 78.3837 130.488 187.425 114.908 180.633 118.278 72.2536 109.362 91.3394 125.943 110.579 94.4853 74.2138 180.576 201.271 5.71639 64.3916 91.7063 91.1394 44.7753 88.5661 100.595 135.957 193.841 122.006 118.701 108.249 87.8498 146.14 149.715 115.311 182.99 122.721 84.8709 0 205.013 219.42 176.379 30.1709 104.8 71.812 141.087 36.8125 
122.53 171.527 142.514 114.405 223.347 85.3414 78.9124 43.5465 190.179 62.9493 70.3896 128.005 80.922 177.144 51.5825 78.4112 69.8283 126.629 74.5251 112.432 90.1054 90.7263 136.121 205.218 95.6506 116.656 85.5203 126.375 110.528 130.799 89.429 13.4867 210.729 143.944 113.307 113.874 242.609 116.447 104.418 69.0555 86.3231 83.0073 86.3118 149.099 117.163 76.3271 55.2981 89.7022 32.8307 156.21 176.919 205.013 0 14.4067 76.8185 174.842 100.213 154.783 63.926 168.2 
136.937 185.933 156.921 128.812 237.754 75.3759 93.3192 57.9532 204.586 77.356 84.7963 142.412 95.3287 191.55 65.9892 92.8179 84.235 141.036 88.9318 102.467 104.512 80.7608 150.527 219.625 110.057 131.063 93.4767 140.782 124.934 145.206 79.4635 18.1486 225.136 158.351 127.713 128.28 257.016 130.854 118.825 83.4622 76.3576 97.414 100.719 163.506 131.57 73.2799 69.7048 104.109 36.4297 170.617 191.325 219.42 14.4067 0 66.853 189.249 114.62 169.19 78.3327 182.607 
93.8964 142.893 199.428 85.7711 194.713 8.52291 140.131 54.0617 161.545 34.3154 143.028 171.191 56.8078 186.219 72.0672 60.606 41.1944 97.9954 107.215 35.6139 99.1541 13.9078 210.371 176.584 154.064 88.0226 50.4361 202.671 177.248 102.165 12.6105 63.3318 182.095 156.484 84.6728 85.2397 213.975 87.813 135.936 114.262 17.4619 54.3735 64.3323 200.342 88.5293 30.2393 92.8948 61.0683 43.9878 214.814 176.964 176.379 76.8185 66.853 0 146.208 120.579 163.905 54.0459 139.567 
52.3118 3.31553 88.1693 60.4371 48.5051 141.796 95.9296 131.296 34.0347 111.893 104.452 59.932 93.92 74.9598 123.26 96.4309 105.014 91.713 100.317 157.254 84.7366 150.462 99.1117 53.0872 79.1915 110.506 119.961 91.4123 65.9885 44.0429 150.405 171.1 35.8873 45.2252 100.32 73.4165 67.7673 74.2655 70.4242 105.787 163.67 102.484 88.5302 89.083 57.6789 115.969 119.544 85.1399 152.819 103.555 65.7045 30.1709 174.842 189.249 146.208 0 74.6288 52.6456 110.916 11.8945 
33.0853 71.3133 78.8495 61.8783 123.134 129.102 21.3008 66.5173 89.9659 102.961 29.8236 50.6122 63.7711 76.9306 48.6307 59.9729 107.562 101.033 25.6881 156.193 21.4248 134.487 89.7919 105.005 33.4849 119.826 129.281 82.0925 56.6687 35.7757 133.189 96.4713 110.516 43.7312 109.639 82.7363 142.396 83.5853 15.3571 31.1577 130.084 111.804 56.2466 79.7632 37.8041 120.087 44.9151 66.9947 78.1902 94.2348 76.7056 104.8 100.213 114.62 120.579 74.6288 0 54.57 66.533 67.9872 
76.4111 51.1749 35.5237 105.204 68.5639 172.428 75.8708 111.237 86.6803 146.286 84.3936 26.778 107.097 22.3606 103.201 103.299 150.888 144.359 80.2581 199.519 64.7505 177.812 46.4661 50.4349 59.1326 163.151 172.606 38.7668 44.2556 79.1014 176.515 151.041 70.1047 10.8388 152.965 126.062 87.8261 126.911 50.3653 85.7278 173.409 155.129 99.5724 36.4375 81.1298 163.413 99.4852 110.32 132.76 50.9091 22.1356 71.812 154.783 169.19 163.905 52.6456 54.57 0 109.859 64.5401 
58.6043 107.601 145.382 50.479 159.421 62.5688 86.0853 20.3795 126.253 36.4275 88.982 117.145 16.9961 132.173 18.0213 14.4852 41.0294 62.7033 53.169 89.6599 45.1082 67.9537 156.325 141.292 100.018 53.2927 62.7477 148.626 123.202 66.8732 66.6564 60.1841 146.803 102.438 49.3807 49.9476 178.683 52.5209 81.8901 60.2156 63.5505 45.2706 22.3859 146.296 53.2372 53.5545 38.8489 25.7762 41.9029 160.768 122.918 141.087 63.926 78.3327 54.0459 110.916 66.533 109.859 0 104.274 
45.6701 13.3652 100.064 53.7955 55.1468 135.154 89.288 124.654 22.1402 105.251 97.8108 71.8265 87.2784 86.8543 116.618 89.7893 98.3721 79.8185 93.6753 150.612 78.095 143.82 111.006 64.9817 72.5498 98.6113 108.066 103.307 77.883 37.4013 143.764 164.459 42.5289 57.1197 88.425 61.522 74.4089 62.371 63.7825 99.1449 157.028 90.5893 81.8886 100.978 51.0373 109.327 112.902 78.4982 146.177 115.449 77.599 36.8125 168.2 182.607 139.567 11.8945 67.9872 64.5401 104.274 0 
