60 60 61 120 
61 68.317 65.7324
62 131.759 70.9292
63 167.578 54.2853
64 183.381 14.2263
65 10.0529 7.51919
66 67.8694 1.12627
67 100.089 90.2691
68 70.3342 74.0401
69 160.785 73.0447
70 116.26 99.6589
71 66.8443 18.1775
72 11.0996 91.1533
73 2.03425 23.1091
74 178.845 84.5808
75 18.9197 53.0979
76 50.1225 41.9186
77 48.7746 21.9988
78 134.727 16.2683
79 86.8793 72.479
80 126.848 71.8904
81 56.336 7.49978
82 145.121 22.9777
83 9.21804 96.8809
84 160.808 42.2761
85 42.9321 72.2884
86 169.269 17.0965
87 136.122 65.8995
88 176.844 42.879
89 94.7365 51.4866
90 84.2418 54.4949
91 40.8392 29.848
92 20.56 39.0734
93 181.584 1.42342
94 179.367 42.4284
95 139.202 15.3126
96 67.7259 88.9786
97 163.547 75.9263
98 82.62 77.0627
99 98.2559 24.7154
100 123.2 85.1103
101 17.556 14.3705
102 76.6788 80.0585
103 45.0479 7.05239
104 168.288 86.9394
105 29.3066 14.0952
106 1.61541 19.7008
107 187.593 37.2058
108 31.0139 39.4501
109 24.2037 29.9782
110 164.29 60.8311
111 18.4965 3.44689
112 134.933 16.4937
113 171.294 29.7573
114 60.2725 69.3678
115 133.238 84.0724
116 175.503 50.1828
117 193.24 96.5658
118 88.9569 67.6065
119 40.0265 35.2073
120 72.4042 53.3696
0 68.6385 110.708 166.57 116.477 65.0537 56.309 10.3249 99.7808 81.8696 49.0276 82.6383 108.906 129.376 62.0317 42.0083 63.276 115.874 25.309 64.6888 70.2136 119.558 90.2474 115.947 31.9408 149.588 67.9723 131.38 40.6654 27.1623 63.3622 74.416 177.576 134.354 121.305 23.8373 105.424 25.6334 70.956 74.261 102.123 22.6879 81.949 121.178 90.6476 112.733 147.803 63.5854 79.8675 100.874 112.106 115.854 138.952 11.6799 83.2614 122.736 155.757 22.5141 58.8155 16.4501 
68.6385 0 52.4631 108.325 185.116 133.692 51.0093 64.5353 31.1422 44.2283 117.666 140.883 177.545 60.7379 130.67 110.647 131.915 57.6293 46.429 5.87195 138.852 61.3135 148.492 57.7025 90.1856 91.3431 9.39325 73.1351 56.4647 63.9513 132.001 143.054 119.331 76.1093 63.0604 82.0821 36.7855 55.2721 79.7165 22.7398 170.761 64.2091 150.588 52.5399 159.286 181.372 89.5578 132.224 148.506 42.6295 180.744 57.6096 80.7075 73.0475 14.6229 64.4912 87.1182 46.1245 127.454 76.9141 
110.708 52.4631 0 55.8617 204.291 152.867 103.472 116.998 25.5518 96.6915 136.841 193.346 196.72 41.5626 149.846 129.822 151.09 70.8679 98.8922 58.3351 158.027 53.7648 200.955 18.7791 142.649 38.8799 43.0699 20.672 75.64 83.5456 151.176 162.23 66.8677 23.6462 67.3482 134.545 25.6717 107.735 98.8918 75.2029 189.937 116.672 169.763 33.3646 178.461 200.547 37.0946 151.399 167.681 9.83366 199.92 70.4367 28.2443 122.388 64.1266 12.0281 67.9429 91.9421 146.629 96.0893 
166.57 108.325 55.8617 0 180.035 128.611 159.334 172.86 81.4135 152.553 120.487 249.208 190.229 74.8902 203.332 160.95 142.379 50.6955 154.754 114.197 133.771 47.0113 256.817 50.6223 198.511 16.9818 98.9316 35.1897 125.904 139.407 158.163 187.668 14.5997 32.2155 45.2645 190.407 81.5334 163.597 95.6137 131.065 165.969 172.534 145.506 87.8053 154.205 187.24 27.192 177.59 174.929 65.6954 175.663 50.7152 27.6174 178.25 119.988 43.8336 92.1993 147.804 164.335 150.12 
116.477 185.116 204.291 180.035 0 64.2094 172.786 126.802 216.258 198.347 67.4496 84.6808 23.6086 245.854 54.4455 74.4689 53.2012 133.423 141.786 181.166 46.3025 150.526 90.1966 185.512 97.6484 168.793 184.45 202.15 128.651 121.164 53.1151 42.0613 177.626 204.223 136.943 139.132 221.901 142.111 105.399 190.738 14.3543 139.165 35.4618 237.656 25.8297 20.6191 207.227 52.8918 36.6098 207.549 12.5159 133.854 183.479 112.068 199.739 208.114 272.234 138.991 57.6617 108.202 
65.0537 133.692 152.867 128.611 64.2094 0 121.363 75.3786 164.834 146.923 18.0764 146.797 87.818 194.43 100.921 58.5393 39.9674 81.9996 90.3626 129.742 17.9069 99.1026 154.406 134.088 96.0994 117.37 133.026 150.727 77.2275 69.7409 55.752 85.2565 114.011 152.8 85.5193 87.9958 170.478 90.687 53.9757 139.315 63.5576 87.7416 28.7476 186.232 51.5317 84.8285 155.803 75.1794 72.5177 156.125 51.6935 82.4308 132.056 75.8385 148.315 156.691 220.81 87.5677 61.924 56.7781 
56.309 51.0093 103.472 159.334 172.786 121.363 0 45.984 77.9206 25.5606 105.337 89.8739 165.215 84.444 118.341 98.3173 119.585 108.639 31 45.1373 126.523 112.323 97.483 108.712 75.1378 142.352 60.4025 124.144 44.1352 51.6217 119.671 130.725 170.34 127.119 114.07 33.6539 77.8007 30.6756 67.387 28.2695 158.432 33.6211 138.258 71.5288 146.957 169.042 140.567 119.894 136.176 93.6388 168.415 108.619 131.717 60.718 39.3459 115.501 99.4477 33.7949 115.125 64.5845 
10.3249 64.5353 116.998 172.86 126.802 75.3786 45.984 0 91.4466 71.5446 59.3525 76.3478 119.231 119.051 72.3567 52.3333 73.6009 122.165 18.1063 58.6634 80.5385 125.849 83.957 122.238 29.1538 155.878 73.9286 137.67 46.9558 33.4528 73.6871 84.7409 183.866 140.645 127.596 17.5468 95.099 15.3084 77.2464 63.936 112.448 12.363 92.274 110.853 100.973 123.058 154.093 73.9103 90.1924 107.165 122.431 122.145 145.243 14.734 72.9365 129.027 145.432 25.0563 69.1405 22.7406 
99.7808 31.1422 25.5518 81.4135 216.258 164.834 77.9206 91.4466 0 71.1396 148.808 167.794 208.687 29.5956 161.812 141.789 163.057 82.8349 74.4718 35.0919 169.994 65.7318 175.404 30.7912 118.61 64.4318 31.8085 46.2238 87.607 95.0935 163.143 174.197 92.4195 49.198 79.3151 108.993 5.64324 82.1834 110.859 49.6511 201.904 91.1204 181.73 21.3976 190.428 212.514 62.6464 163.366 179.648 15.7182 211.887 82.4037 53.7962 104.19 38.5747 37.5799 55.976 77.2667 158.596 108.056 
81.8696 44.2283 96.6915 152.553 198.347 146.923 25.5606 71.5446 71.1396 0 130.897 113.666 190.776 77.663 143.901 123.878 145.146 101.858 56.5606 38.3564 152.083 105.542 109.82 101.931 100.698 135.571 53.6216 117.363 69.6958 77.1823 145.232 156.286 163.559 120.338 107.289 59.2145 71.0197 56.2362 92.9476 21.4886 183.992 59.1817 163.819 64.7479 172.517 194.603 133.786 145.455 161.737 86.8578 193.976 101.838 124.936 86.2786 32.5649 108.72 80.0734 59.3555 140.685 90.1451 
49.0276 117.666 136.841 120.487 67.4496 18.0764 105.337 59.3525 148.808 130.897 0 128.721 69.7416 178.404 82.8451 40.4629 21.8911 69.7919 74.3365 113.716 21.186 83.0766 136.33 118.062 78.0231 103.506 117 134.701 61.2014 53.7149 37.6756 67.1802 131.493 136.774 75.2229 71.6827 154.452 74.661 37.9496 123.289 53.0953 71.7155 32.9215 170.206 41.62 66.7522 139.777 57.103 54.4413 140.099 63.0784 69.7722 116.03 57.7621 132.289 140.664 204.784 71.5417 43.8477 40.7521 
82.6383 140.883 193.346 249.208 84.6808 146.797 89.8739 76.3478 167.794 113.666 128.721 0 77.1096 174.318 45.8755 88.2577 106.829 198.512 94.4541 135.011 128.89 202.197 7.60912 198.586 50.6975 232.226 150.276 214.018 123.304 109.801 91.0449 61.5404 260.214 216.992 203.943 58.8011 167.675 85.6111 153.594 118.143 83.2393 76.6741 118.049 161.403 95.2652 80.9367 230.441 71.6176 74.2792 183.513 95.1034 198.493 221.591 70.9584 129.22 205.374 187.553 101.404 84.8729 99.0884 
108.906 177.545 196.72 190.229 23.6086 87.818 165.215 119.231 208.687 190.776 69.7416 77.1096 0 238.282 46.8743 66.8977 47.8506 139.534 134.215 173.595 69.9111 143.218 80.9556 177.941 90.0772 173.247 176.878 194.579 121.08 113.593 45.5439 34.4901 201.235 196.652 144.965 131.561 214.33 134.539 97.828 183.167 24.2604 131.594 59.0704 230.084 36.2863 3.82713 199.655 45.3206 29.0386 199.978 36.1245 139.514 175.908 104.497 192.167 200.543 264.663 131.42 50.0905 100.631 
129.376 60.7379 41.5626 74.8902 245.854 194.43 84.444 119.051 29.5956 77.663 178.404 174.318 238.282 0 191.408 171.385 192.652 112.43 104.067 64.6876 199.59 95.3274 181.927 60.3416 148.205 77.0604 61.4041 43.7032 117.203 124.689 192.739 203.792 85.8961 42.6746 108.911 115.517 23.9524 103.743 140.454 56.1745 231.499 106.688 211.325 12.9152 220.024 242.11 56.1231 192.962 209.244 38.3048 241.482 111.999 62.3743 133.785 46.115 37.7395 26.3803 106.862 188.192 137.652 
62.0317 130.67 149.846 203.332 54.4455 100.921 118.341 72.3567 161.812 143.901 82.8451 45.8755 46.8743 191.408 0 42.3822 60.954 152.637 87.3407 126.721 83.0145 156.321 53.4846 152.71 43.2029 186.351 130.004 168.143 77.4282 66.719 45.1694 15.6649 214.338 171.117 158.068 84.6868 167.456 87.6651 107.719 136.293 40.0912 84.7196 72.1738 183.21 49.3897 50.7014 184.565 25.7421 28.4037 153.103 50.0742 152.617 175.715 57.6227 145.293 159.499 217.788 84.5458 38.9974 53.7562 
42.0083 110.647 129.822 160.95 74.4689 58.5393 98.3173 52.3333 141.789 123.878 40.4629 88.2577 66.8977 171.385 42.3822 0 21.2677 110.255 67.3173 106.697 40.6323 113.939 95.8668 111.043 37.5602 143.969 109.981 127.682 54.1821 46.6956 21.3538 32.4076 171.956 129.755 115.686 64.6634 147.432 67.6417 65.3366 116.269 60.1146 64.6962 39.9407 163.187 48.6392 70.7248 142.183 21.5771 37.8591 133.08 70.0976 110.235 133.333 37.5993 125.27 133.645 197.765 64.5224 16.8072 33.7328 
63.276 131.915 151.09 142.379 53.2012 39.9674 119.585 73.6009 163.057 145.146 21.8911 106.829 47.8506 192.652 60.954 21.2677 0 91.683 88.5849 127.965 22.0605 97.325 114.439 132.311 56.132 125.397 131.248 148.949 75.4498 67.9632 15.7845 45.2891 153.384 151.022 97.114 85.9311 168.7 88.9094 52.198 137.537 38.8469 85.9639 18.6731 184.454 27.3716 49.4572 154.025 35.2119 32.5503 154.348 48.83 91.6633 130.278 58.867 146.537 154.913 219.033 85.79 21.9566 55.0005 
115.874 57.6293 70.8679 50.6955 133.423 81.9996 108.639 122.165 82.8349 101.858 69.7919 198.512 139.534 112.43 152.637 110.255 91.683 0 104.058 63.5013 87.1594 17.1031 206.122 52.0889 147.815 35.3701 51.0264 68.7273 75.2088 88.7118 107.468 136.972 61.7014 70.8003 5.43101 139.711 88.4781 112.901 44.9182 80.3691 119.069 121.838 98.8949 104.233 107.593 136.544 73.8035 126.895 124.233 74.1257 129.052 0.431196 50.0562 127.554 69.2928 74.691 138.811 97.1083 113.64 99.4241 
25.309 46.429 98.8922 154.754 141.786 90.3626 31 18.1063 74.4718 56.5606 74.3365 94.4541 134.215 104.067 87.3407 67.3173 88.5849 104.058 0 40.5571 95.5225 107.743 102.063 104.132 44.1378 137.772 55.8223 119.564 28.8496 20.6217 88.6711 99.7249 165.76 122.538 109.489 35.653 80.115 8.84302 59.1402 48.952 127.432 17.78 107.258 95.8694 115.957 138.042 135.987 88.8943 105.176 89.0585 137.415 104.039 127.136 29.718 57.9525 110.92 130.448 6.95005 84.1245 33.5845 
64.6888 5.87195 58.3351 114.197 181.166 129.742 45.1373 58.6634 35.0919 38.3564 113.716 135.011 173.595 64.6876 126.721 106.697 127.965 63.5013 40.5571 0 134.902 67.1855 142.62 63.5745 84.3137 97.215 15.2652 79.0071 52.515 60.0016 128.051 139.105 125.203 81.9813 68.9323 76.2101 40.7352 49.4001 75.7668 16.8678 166.812 58.3371 146.638 56.4896 155.336 177.422 95.4297 128.274 144.556 48.5014 176.795 63.4816 86.5794 69.0978 18.5726 70.3632 91.0679 42.1748 123.504 72.9643 
70.2136 138.852 158.027 133.771 46.3025 17.9069 126.523 80.5385 169.994 152.083 21.186 128.89 69.9111 199.59 83.0145 40.6323 22.0605 87.1594 95.5225 134.902 0 104.263 136.499 139.248 78.1925 122.53 138.186 155.887 82.3874 74.9008 37.8451 67.3496 131.324 157.96 90.6792 92.8686 175.638 95.8469 59.1356 144.475 45.6507 92.9015 11.7355 191.392 33.6248 66.9216 160.963 57.2724 54.6108 161.285 41.8924 87.5906 137.216 65.8045 153.475 161.85 225.97 92.7276 44.0171 61.938 
119.558 61.3135 53.7648 47.0113 150.526 99.1026 112.323 125.849 65.7318 105.542 83.0766 202.197 143.218 95.3274 156.321 113.939 97.325 17.1031 107.743 67.1855 104.263 0 209.806 34.9858 151.499 30.0295 51.9203 51.6242 78.893 92.396 111.152 140.656 58.0173 53.6972 13.5833 143.396 71.375 116.586 48.6024 84.0533 136.172 125.523 115.998 87.1294 124.697 146.782 56.7004 130.579 127.917 57.0226 146.155 16.6719 32.9532 131.238 72.977 57.5879 121.708 100.793 117.324 103.108 
90.2474 148.492 200.955 256.817 90.1966 154.406 97.483 83.957 175.404 109.82 136.33 7.60912 80.9556 181.927 53.4846 95.8668 114.439 206.122 102.063 142.62 136.499 209.806 0 206.195 58.3066 239.835 157.886 221.627 130.913 117.41 98.6541 69.1495 267.823 224.602 211.553 66.4102 175.284 93.2202 161.203 125.752 90.8484 84.2832 125.658 169.012 102.874 84.7828 238.05 79.2267 81.8883 191.122 102.713 206.102 229.2 78.5675 136.829 212.984 184.337 109.013 92.482 106.698 
115.947 57.7025 18.7791 50.6223 185.512 134.088 108.712 122.238 30.7912 101.931 118.062 198.586 177.941 60.3416 152.71 111.043 132.311 52.0889 104.132 63.5745 139.248 34.9858 206.195 0 147.888 33.6405 48.3093 16.6385 75.282 88.785 132.397 143.451 61.6283 18.7115 48.5691 139.785 36.3893 112.975 80.1127 80.4423 171.158 121.912 150.984 52.1437 159.682 181.768 31.8552 132.62 148.902 22.0369 181.141 51.6577 23.0049 127.627 69.3659 22.6021 86.722 97.1815 127.85 99.4973 
31.9408 90.1856 142.649 198.511 97.6484 96.0994 75.1378 29.1538 118.61 100.698 78.0231 50.6975 90.0772 148.205 43.2029 37.5602 56.132 147.815 44.1378 84.3137 78.1925 151.499 58.3066 147.888 0 181.529 99.5789 163.321 72.6062 59.1031 44.5333 55.5871 209.516 166.295 153.246 41.4839 124.253 44.4622 102.897 93.0898 83.2941 41.5167 67.3518 140.007 71.8187 93.9043 179.743 44.7566 61.0386 132.815 93.2771 147.795 170.893 20.2609 102.09 154.677 174.586 50.7067 39.9867 48.3909 
149.588 91.3431 38.8799 16.9818 168.793 117.37 142.352 155.878 64.4318 135.571 103.506 232.226 173.247 77.0604 186.351 143.969 125.397 35.3701 137.772 97.215 122.53 30.0295 239.835 33.6405 181.529 0 81.9498 33.3572 108.923 122.426 141.181 170.686 27.9877 35.4302 31.8504 173.425 64.5517 146.615 78.6319 114.083 154.439 155.552 134.265 70.8235 142.964 170.258 38.4334 160.609 157.947 48.7136 164.422 34.9389 14.6861 161.268 103.006 39.3209 103.441 130.822 147.353 133.138 
67.9723 9.39325 43.0699 98.9316 184.45 133.026 60.4025 73.9286 31.8085 53.6216 117 150.276 176.878 61.4041 130.004 109.981 131.248 51.0264 55.8223 15.2652 138.186 51.9203 157.886 48.3093 99.5789 81.9498 0 63.7419 55.7985 63.285 131.334 142.388 109.938 66.7161 53.6671 91.4753 37.4517 64.6653 79.0503 32.133 170.095 73.6023 149.921 53.2061 158.62 180.705 80.1645 131.558 147.84 33.2362 180.078 50.5952 71.3142 79.318 21.0567 55.098 87.7844 48.8722 126.788 76.2478 
131.38 73.1351 20.672 35.1897 202.15 150.727 124.144 137.67 46.2238 117.363 134.701 214.018 194.579 43.7032 168.143 127.682 148.949 68.7273 119.564 79.0071 155.887 51.6242 221.627 16.6385 163.321 33.3572 63.7419 0 90.7146 104.218 149.035 160.089 46.1956 2.97418 65.2076 155.217 46.3437 128.407 96.7512 95.8749 187.796 137.344 167.622 52.6156 176.321 198.406 16.4226 149.259 165.541 30.5057 197.779 68.2961 18.6711 143.06 84.7986 8.64391 70.0835 112.614 144.489 114.93 
40.6654 56.4647 75.64 125.904 128.651 77.2275 44.1352 46.9558 87.607 69.6958 61.2014 123.304 121.08 117.203 77.4282 54.1821 75.4498 75.2088 28.8496 52.515 82.3874 78.893 130.913 75.282 72.6062 108.923 55.7985 90.7146 0 13.503 75.536 86.5898 136.91 93.6888 80.6398 64.5026 93.2502 37.6926 30.2906 62.0872 114.297 46.6296 94.1228 109.005 102.821 124.907 107.137 75.7592 92.0413 78.8978 124.28 75.1891 98.2869 52.3453 71.0876 82.0707 143.583 21.8995 70.9893 24.2153 
27.1623 63.9513 83.5456 139.407 121.164 69.7409 51.6217 33.4528 95.0935 77.1823 53.7149 109.801 113.593 124.689 66.719 46.6956 67.9632 88.7118 20.6217 60.0016 74.9008 92.396 117.41 88.785 59.1031 122.426 63.285 104.218 13.503 0 68.0494 79.1032 150.413 107.192 94.1429 50.9996 100.737 24.1896 43.7936 69.5737 106.81 33.1266 86.6363 116.491 95.3348 117.42 120.64 68.2727 84.5547 86.3844 116.793 88.6921 111.79 38.8422 78.5742 95.5737 151.069 17.8268 63.5028 12.9628 
63.3622 132.001 151.176 158.163 53.1151 55.752 119.671 73.6871 163.143 145.232 37.6756 91.0449 45.5439 192.739 45.1694 21.3538 15.7845 107.468 88.6711 128.051 37.8451 111.152 98.6541 132.397 44.5333 141.181 131.334 149.035 75.536 68.0494 0 29.5046 169.169 151.108 112.899 86.0172 168.786 88.9955 62.5493 137.623 38.7607 86.0501 27.0043 184.541 27.2854 49.371 154.112 19.4274 16.7657 154.434 48.7438 107.448 130.546 58.9531 146.624 154.999 219.119 85.8762 6.17206 55.0866 
74.416 143.054 162.23 187.668 42.0613 85.2565 130.725 84.7409 174.197 156.286 67.1802 61.5404 34.4901 203.792 15.6649 32.4076 45.2891 136.972 99.7249 139.105 67.3496 140.656 69.1495 143.451 55.5871 170.686 142.388 160.089 86.5898 79.1032 29.5046 0 198.674 162.162 142.403 97.071 179.84 100.049 92.0539 148.677 27.7069 97.1039 56.5089 195.594 33.7248 38.3172 168.901 10.8306 12.7388 165.488 37.69 136.952 160.05 70.0069 157.677 166.053 230.173 96.93 23.3325 66.1404 
177.576 119.331 66.8677 14.5997 177.626 114.011 170.34 183.866 92.4195 163.559 131.493 260.214 201.235 85.8961 214.338 171.956 153.384 61.7014 165.76 125.203 131.324 58.0173 267.823 61.6283 209.516 27.9877 109.938 46.1956 136.91 150.413 169.169 198.674 0 43.2215 56.2704 201.413 92.5394 174.603 106.62 142.071 176.975 183.54 142.165 98.8113 164.949 198.246 41.7917 188.596 185.935 76.7013 165.111 61.7212 38.6233 189.256 130.994 54.8396 106.799 158.81 175.341 161.126 
134.354 76.1093 23.6462 32.2155 204.223 152.8 127.119 140.645 49.198 120.338 136.774 216.992 196.652 42.6746 171.117 129.755 151.022 70.8003 122.538 81.9813 157.96 53.6972 224.602 18.7115 166.295 35.4302 66.7161 2.97418 93.6888 107.192 151.108 162.162 43.2215 0 67.2806 158.191 49.3179 131.381 98.8242 98.8491 189.869 140.318 169.695 55.5898 178.394 200.479 13.4484 151.332 167.614 33.4798 199.852 70.3691 20.7441 146.034 87.7727 11.6181 68.0105 115.588 146.562 117.904 
121.305 63.0604 67.3482 45.2645 136.943 85.5193 114.07 127.596 79.3151 107.289 75.2229 203.943 144.965 108.911 158.068 115.686 97.114 5.43101 109.489 68.9323 90.6792 13.5833 211.553 48.5691 153.246 31.8504 53.6671 65.2076 80.6398 94.1429 112.899 142.403 56.2704 67.2806 0 145.142 84.9583 118.332 50.3492 85.8001 122.589 127.269 102.415 100.713 111.113 141.975 70.2838 132.326 129.664 70.606 132.572 5.45073 46.5365 132.985 74.7238 71.1712 135.291 102.539 119.071 104.855 
23.8373 82.0821 134.545 190.407 139.132 87.9958 33.6539 17.5468 108.993 59.2145 71.6827 58.8011 131.561 115.517 84.6868 64.6634 85.9311 139.711 35.653 76.2101 92.8686 143.396 66.4102 139.785 41.4839 173.425 91.4753 155.217 64.5026 50.9996 86.0172 97.071 201.413 158.191 145.142 0 108.873 26.81 94.7932 59.3423 124.778 17.873 104.604 102.602 113.303 135.388 171.64 86.2405 102.523 124.712 134.761 139.692 162.79 27.0641 70.4187 146.573 133.102 42.6031 81.4706 40.2873 
105.424 36.7855 25.6717 81.5334 221.901 170.478 77.8007 95.099 5.64324 71.0197 154.452 167.675 214.33 23.9524 167.456 147.432 168.7 88.4781 80.115 40.7352 175.638 71.375 175.284 36.3893 124.253 64.5517 37.4517 46.3437 93.2502 100.737 168.786 179.84 92.5394 49.3179 84.9583 108.873 0 82.0635 116.502 49.5312 207.547 91.0005 187.373 15.7544 196.072 218.157 62.7663 169.009 185.291 15.8381 217.53 88.0469 53.9161 109.833 38.4548 37.6998 50.3327 82.9099 164.24 113.7 
25.6334 55.2721 107.735 163.597 142.111 90.687 30.6756 15.3084 82.1834 56.2362 74.661 85.6111 134.539 103.743 87.6651 67.6417 88.9094 112.901 8.84302 49.4001 95.8469 116.586 93.2202 112.975 44.4622 146.615 64.6653 128.407 37.6926 24.1896 88.9955 100.049 174.603 131.381 118.332 26.81 82.0635 0 67.9832 48.6276 127.756 8.93703 107.582 95.545 116.281 138.367 144.83 89.2188 105.501 97.9015 137.739 112.882 135.98 30.0424 57.6281 119.763 130.123 15.7931 84.4489 33.9089 
70.956 79.7165 98.8918 95.6137 105.399 53.9757 67.387 77.2464 110.859 92.9476 37.9496 153.594 97.828 140.454 107.719 65.3366 52.198 44.9182 59.1402 75.7668 59.1356 48.6024 161.203 80.1127 102.897 78.6319 79.0503 96.7512 30.2906 43.7936 62.5493 92.0539 106.62 98.8242 50.3492 94.7932 116.502 67.9832 0 85.3389 91.0449 76.9202 70.8711 132.256 79.5696 101.655 101.827 81.9767 79.3151 102.15 101.028 44.8985 78.0801 82.6359 94.3394 102.715 166.835 52.1901 68.7214 54.5059 
74.261 22.7398 75.2029 131.065 190.738 139.315 28.2695 63.936 49.6511 21.4886 123.289 118.143 183.167 56.1745 136.293 116.269 137.537 80.3691 48.952 16.8678 144.475 84.0533 125.752 80.4423 93.0898 114.083 32.133 95.8749 62.0872 69.5737 137.623 148.677 142.071 98.8491 85.8001 59.3423 49.5312 48.6276 85.3389 0 176.384 51.573 156.21 46.9174 164.909 186.994 112.298 137.846 154.128 65.3693 186.367 80.3494 103.447 78.67 11.0764 87.231 81.4958 51.7469 133.076 82.5365 
102.123 170.761 189.937 165.969 14.3543 63.5576 158.432 112.448 201.904 183.992 53.0953 83.2393 24.2604 231.499 40.0912 60.1146 38.8469 119.069 127.432 166.812 45.6507 136.172 90.8484 171.158 83.2941 154.439 170.095 187.796 114.297 106.81 38.7607 27.7069 176.975 189.869 122.589 124.778 207.547 127.756 91.0449 176.384 0 124.811 34.81 223.301 12.0259 21.2709 192.872 38.5375 22.2554 193.195 11.8641 119.5 169.125 97.7139 185.384 193.76 257.88 124.637 43.3074 93.8474 
22.6879 64.2091 116.672 172.534 139.165 87.7416 33.6211 12.363 91.1204 59.1817 71.7155 76.6741 131.594 106.688 84.7196 64.6962 85.9639 121.838 17.78 58.3371 92.9015 125.523 84.2832 121.912 41.5167 155.552 73.6023 137.344 46.6296 33.1266 86.0501 97.1039 183.54 140.318 127.269 17.873 91.0005 8.93703 76.9202 51.573 124.811 0 104.637 98.4905 113.335 135.421 153.767 86.2733 102.555 106.839 134.794 121.819 144.917 27.0969 60.5735 128.7 133.069 24.7301 81.5034 30.9634 
81.949 150.588 169.763 145.506 35.4618 28.7476 138.258 92.274 181.73 163.819 32.9215 118.049 59.0704 211.325 72.1738 39.9407 18.6731 98.8949 107.258 146.638 11.7355 115.998 125.658 150.984 67.3518 134.265 149.921 167.622 94.1228 86.6363 27.0043 56.5089 142.165 169.695 102.415 104.604 187.373 107.582 70.8711 156.21 34.81 104.637 0 203.127 22.7841 56.0809 172.698 46.4317 43.7701 173.021 30.1569 99.3261 148.951 77.54 165.21 173.586 237.706 104.463 33.1764 73.6735 
121.178 52.5399 33.3646 87.8053 237.656 186.232 71.5288 110.853 21.3976 64.7479 170.206 161.403 230.084 12.9152 183.21 163.187 184.454 104.233 95.8694 56.4896 191.392 87.1294 169.012 52.1437 140.007 70.8235 53.2061 52.6156 109.005 116.491 184.541 195.594 98.8113 55.5898 100.713 102.602 15.7544 95.545 132.256 46.9174 223.301 98.4905 203.127 0 211.826 233.912 69.0382 184.764 201.046 30.1068 233.284 103.801 60.1879 125.587 37.917 43.9717 34.5783 98.6643 179.994 129.454 
90.6476 159.286 178.461 154.205 25.8297 51.5317 146.957 100.973 190.428 172.517 41.62 95.2652 36.2863 220.024 49.3897 48.6392 27.3716 107.593 115.957 155.336 33.6248 124.697 102.874 159.682 71.8187 142.964 158.62 176.321 102.821 95.3348 27.2854 33.7248 164.949 178.394 111.113 113.303 196.072 116.281 79.5696 164.909 12.0259 113.335 22.7841 211.826 0 33.2968 181.397 27.0622 20.986 181.719 21.4584 108.025 157.65 86.2386 173.909 182.284 246.404 113.162 31.832 82.372 
112.733 181.372 200.547 187.24 20.6191 84.8285 169.042 123.058 212.514 194.603 66.7522 80.9367 3.82713 242.11 50.7014 70.7248 49.4572 136.544 138.042 177.422 66.9216 146.782 84.7828 181.768 93.9043 170.258 180.705 198.406 124.907 117.42 49.371 38.3172 198.246 200.479 141.975 135.388 218.157 138.367 101.655 186.994 21.2709 135.421 56.0809 233.912 33.2968 0 203.483 49.1478 32.8657 203.805 33.135 136.524 179.735 108.324 195.995 204.37 268.49 135.247 53.9176 104.458 
147.803 89.5578 37.0946 27.192 207.227 155.803 140.567 154.093 62.6464 133.786 139.777 230.441 199.655 56.1231 184.565 142.183 154.025 73.8035 135.987 95.4297 160.963 56.7004 238.05 31.8552 179.743 38.4334 80.1645 16.4226 107.137 120.64 154.112 168.901 41.7917 13.4484 70.2838 171.64 62.7663 144.83 101.827 112.298 192.872 153.767 172.698 69.0382 181.397 203.483 0 158.823 170.617 46.9283 202.855 73.3723 23.7473 159.482 101.221 25.0665 65.0073 129.037 149.565 131.352 
63.5854 132.224 151.399 177.59 52.8918 75.1794 119.894 73.9103 163.366 145.455 57.103 71.6176 45.3206 192.962 25.7421 21.5771 35.2119 126.895 88.8943 128.274 57.2724 130.579 79.2267 132.62 44.7566 160.609 131.558 149.259 75.7592 68.2727 19.4274 10.8306 188.596 151.332 132.326 86.2405 169.009 89.2188 81.9767 137.846 38.5375 86.2733 46.4317 184.764 27.0622 49.1478 158.823 0 16.2821 154.657 48.5206 126.875 149.973 59.1764 146.847 155.222 219.342 86.0995 13.2553 55.3099 
79.8675 148.506 167.681 174.929 36.6098 72.5177 136.176 90.1924 179.648 161.737 54.4413 74.2792 29.0386 209.244 28.4037 37.8591 32.5503 124.233 105.176 144.556 54.6108 127.917 81.8883 148.902 61.0386 157.947 147.84 165.541 92.0413 84.5547 16.7657 12.7388 185.935 167.614 129.664 102.523 185.291 105.501 79.3151 154.128 22.2554 102.555 43.7701 201.046 20.986 32.8657 170.617 16.2821 0 170.939 32.2385 124.214 147.311 75.4585 163.129 171.504 235.624 102.382 21.0519 71.5919 
100.874 42.6295 9.83366 65.6954 207.549 156.125 93.6388 107.165 15.7182 86.8578 140.099 183.513 199.978 38.3048 153.103 133.08 154.348 74.1257 89.0585 48.5014 161.285 57.0226 191.122 22.0369 132.815 48.7136 33.2362 30.5057 78.8978 86.3844 154.434 165.488 76.7013 33.4798 70.606 124.712 15.8381 97.9015 102.15 65.3693 193.195 106.839 173.021 30.1068 181.719 203.805 46.9283 154.657 170.939 0 203.178 73.6945 38.078 112.554 54.2929 21.8618 64.6851 82.1085 149.887 99.3471 
112.106 180.744 199.92 175.663 12.5159 51.6935 168.415 122.431 211.887 193.976 63.0784 95.1034 36.1245 241.482 50.0742 70.0976 48.83 129.052 137.415 176.795 41.8924 146.155 102.713 181.141 93.2771 164.422 180.078 197.779 124.28 116.793 48.7438 37.69 165.111 199.852 132.572 134.761 217.53 137.739 101.028 186.367 11.8641 134.794 30.1569 233.284 21.4584 33.135 202.855 48.5206 32.2385 203.178 0 129.483 179.108 107.697 195.367 203.743 267.863 134.62 53.2904 103.83 
115.854 57.6096 70.4367 50.7152 133.854 82.4308 108.619 122.145 82.4037 101.838 69.7722 198.493 139.514 111.999 152.617 110.235 91.6633 0.431196 104.039 63.4816 87.5906 16.6719 206.102 51.6577 147.795 34.9389 50.5952 68.2961 75.1891 88.6921 107.448 136.952 61.7212 70.3691 5.45073 139.692 88.0469 112.882 44.8985 80.3494 119.5 121.819 99.3261 103.801 108.025 136.524 73.3723 126.875 124.214 73.6945 129.483 0 49.625 127.534 69.273 74.2598 138.38 97.0886 113.62 99.4044 
138.952 80.7075 28.2443 27.6174 183.479 132.056 131.717 145.243 53.7962 124.936 116.03 221.591 175.908 62.3743 175.715 133.333 130.278 50.0562 127.136 86.5794 137.216 32.9532 229.2 23.0049 170.893 14.6861 71.3142 18.6711 98.2869 111.79 130.546 160.05 38.6233 20.7441 46.5365 162.79 53.9161 135.98 78.0801 103.447 169.125 144.917 148.951 60.1879 157.65 179.735 23.7473 149.973 147.311 38.078 179.108 49.625 0 150.632 92.3709 24.6347 88.7546 120.186 136.718 122.502 
11.6799 73.0475 122.388 178.25 112.068 75.8385 60.718 14.734 104.19 86.2786 57.7621 70.9584 104.497 133.785 57.6227 37.5993 58.867 127.554 29.718 69.0978 65.8045 131.238 78.5675 127.627 20.2609 161.268 79.318 143.06 52.3453 38.8422 58.9531 70.0069 189.256 146.034 132.985 27.0641 109.833 30.0424 82.6359 78.67 97.7139 27.0969 77.54 125.587 86.2386 108.324 159.482 59.1764 75.4585 112.554 107.697 127.534 150.632 0 87.6704 134.416 160.166 30.4457 54.4065 28.13 
83.2614 14.6229 64.1266 119.988 199.739 148.315 39.3459 72.9365 38.5747 32.5649 132.289 129.22 192.167 46.115 145.293 125.27 146.537 69.2928 57.9525 18.5726 153.475 72.977 136.829 69.3659 102.09 103.006 21.0567 84.7986 71.0876 78.5742 146.624 157.677 130.994 87.7727 74.7238 70.4187 38.4548 57.6281 94.3394 11.0764 185.384 60.5735 165.21 37.917 173.909 195.995 101.221 146.847 163.129 54.2929 195.367 69.273 92.3709 87.6704 0 76.1547 72.4953 60.7474 142.077 91.537 
122.736 64.4912 12.0281 43.8336 208.114 156.691 115.501 129.027 37.5799 108.72 140.664 205.374 200.543 37.7395 159.499 133.645 154.913 74.691 110.92 70.3632 161.85 57.5879 212.984 22.6021 154.677 39.3209 55.098 8.64391 82.0707 95.5737 154.999 166.053 54.8396 11.6181 71.1712 146.573 37.6998 119.763 102.715 87.231 193.76 128.7 173.586 43.9717 182.284 204.37 25.0665 155.222 171.504 21.8618 203.743 74.2598 24.6347 134.416 76.1547 0 64.1199 103.97 150.452 106.286 
155.757 87.1182 67.9429 92.1993 272.234 220.81 99.4477 145.432 55.976 80.0734 204.784 187.553 264.663 26.3803 217.788 197.765 219.033 138.811 130.448 91.0679 225.97 121.708 184.337 86.722 174.586 103.441 87.7844 70.0835 143.583 151.069 219.119 230.173 106.799 68.0105 135.291 133.102 50.3327 130.123 166.835 81.4958 257.88 133.069 237.706 34.5783 246.404 268.49 65.0073 219.342 235.624 64.6851 267.863 138.38 88.7546 160.166 72.4953 64.1199 0 133.243 214.572 164.032 
22.5141 46.1245 91.9421 147.804 138.991 87.5677 33.7949 25.0563 77.2667 59.3555 71.5417 101.404 131.42 106.862 84.5458 64.5224 85.79 97.1083 6.95005 42.1748 92.7276 100.793 109.013 97.1815 50.7067 130.822 48.8722 112.614 21.8995 17.8268 85.8762 96.93 158.81 115.588 102.539 42.6031 82.9099 15.7931 52.1901 51.7469 124.637 24.7301 104.463 98.6643 113.162 135.247 129.037 86.0995 102.382 82.1085 134.62 97.0886 120.186 30.4457 60.7474 103.97 133.243 0 81.3296 30.7896 
58.8155 127.454 146.629 164.335 57.6617 61.924 115.125 69.1405 158.596 140.685 43.8477 84.8729 50.0905 188.192 38.9974 16.8072 21.9566 113.64 84.1245 123.504 44.0171 117.324 92.482 127.85 39.9867 147.353 126.788 144.489 70.9893 63.5028 6.17206 23.3325 175.341 146.562 119.071 81.4706 164.24 84.4489 68.7214 133.076 43.3074 81.5034 33.1764 179.994 31.832 53.9176 149.565 13.2553 21.0519 149.887 53.2904 113.62 136.718 54.4065 142.077 150.452 214.572 81.3296 0 50.54 
16.4501 76.9141 96.0893 150.12 108.202 56.7781 64.5845 22.7406 108.056 90.1451 40.7521 99.0884 100.631 137.652 53.7562 33.7328 55.0005 99.4241 33.5845 72.9643 61.938 103.108 106.698 99.4973 48.3909 133.138 76.2478 114.93 24.2153 12.9628 55.0866 66.1404 161.126 117.904 104.855 40.2873 113.7 33.9089 54.5059 82.5365 93.8474 30.9634 73.6735 129.454 82.372 104.458 131.352 55.3099 71.5919 99.3471 103.83 99.4044 122.502 28.13 91.537 106.286 164.032 30.7896 50.54 0 
