70 70 71 140 
71 16.7667 85.8667
72 111.129 11.0188
73 153.723 20.7422
74 69.6152 99.569
75 26.2915 95.5417
76 114.817 67.16
77 79.04 86.6917
78 82.0787 86.9271
79 180.096 42.2315
80 181.693 61.2616
81 17.8698 36.3469
82 58.5279 2.43115
83 124.765 1.26308
84 167.556 3.01349
85 161.578 35.4027
86 26.1086 32.3191
87 43.1229 13.2313
88 183.506 27.1035
89 73.3377 69.4526
90 53.789 11.7723
91 4.67457 50.4415
92 77.1342 2.63589
93 38.6409 94.1916
94 125.459 42.0267
95 150.733 54.6415
96 72.4746 35.5906
97 24.87 17.0891
98 179.849 90.4856
99 33.5739 13.8256
100 48.798 74.9321
101 66.7755 12.8648
102 196.222 88.3011
103 198.355 1.97154
104 198.216 22.5181
105 6.53952 24.4174
106 44.225 55.2949
107 131.689 47.5582
108 80.3805 35.5349
109 63.8746 77.4889
110 148.362 93.2376
111 24.6602 76.6024
112 101.041 34.7719
113 6.20223 65.4827
114 151.901 90.3986
115 147.483 89.1596
116 163.108 11.6809
117 90.0805 98.7671
118 184.249 36.2475
119 6.94562 87.7125
120 130.975 29.1122
121 51.2527 48.8004
122 107.522 33.3988
123 92.4985 61.7462
124 86.6977 39.2793
125 43.4112 26.6204
126 199.352 75.9895
127 66.4875 25.2384
128 8.39293 72.4068
129 13.3649 17.4319
130 1.64048 81.4262
131 108.469 77.7323
132 25.7948 59.5164
133 62.8344 50.6177
134 186.39 98.6452
135 75.9583 62.4927
136 70.9472 35.3988
137 7.73979 47.6393
138 19.6474 94.8907
139 82.1761 23.8186
140 153.932 33.9566
0 169.21 202.081 66.5509 19.1998 116.757 63.0983 66.3724 206.965 189.531 50.6229 125.197 192.602 233.643 195.275 62.8896 98.9917 225.502 72.9852 111.117 47.5173 143.598 30.1991 152.533 165.192 105.984 76.881 167.701 88.8483 42.966 123.011 181.89 265.483 244.798 71.6765 58.0301 153.231 113.946 55.4857 138.966 17.1578 135.369 30.9484 139.667 134.009 220.527 86.2143 217.102 11.6668 170.963 71.5523 143.223 99.8524 116.518 85.8909 192.462 110.349 21.8336 71.8366 19.5667 99.8364 35.3784 81.3168 182.402 82.5656 104.648 47.2543 11.9048 127.458 189.075 
169.21 0 52.3172 130.064 169.36 59.8292 107.762 104.958 100.18 120.807 118.587 61.1887 23.3921 64.4326 74.8331 106.32 70.2184 88.4617 96.225 58.0933 145.877 42.3776 155.661 45.3384 83.2269 63.2261 92.3291 148.186 80.3618 126.244 46.1993 162.376 96.2733 98.586 117.988 111.18 57.0998 55.2644 113.724 119.451 152.052 33.8406 159.391 120.152 114.495 52.6409 108.797 98.349 180.877 37.9395 97.6578 25.9869 69.3577 52.6917 83.3192 153.194 58.8609 164.124 104.177 179.896 69.3737 133.832 87.8933 162.887 86.6445 64.5617 140.01 175.353 41.7525 65.7404 
202.081 52.3172 0 162.934 202.231 85.3236 140.632 137.829 47.8629 68.4896 151.458 113.506 48.4366 31.5621 22.5159 139.191 118.111 36.1445 129.095 108.904 178.747 94.6948 188.531 49.5477 36.8888 96.0965 132.506 95.8693 127.065 159.115 94.8246 110.058 63.4028 46.2687 150.858 144.05 48.8494 88.1349 146.595 77.8566 184.923 66.7111 192.261 71.4776 74.6572 18.4463 141.667 46.0318 213.747 31.1177 130.528 58.8574 102.228 85.5622 116.19 100.876 91.7313 196.994 143.668 212.766 102.244 166.702 120.764 110.57 119.515 97.4321 172.88 208.224 74.623 13.4232 
66.5509 130.064 162.934 0 47.3511 77.6107 22.3021 25.1054 167.819 150.385 114.968 108.225 153.456 194.496 156.129 110.757 112.83 186.356 33.8389 103.623 114.068 104.452 36.3518 113.387 126.046 66.8378 127.225 119.317 121.785 45.4541 89.5439 137.875 226.337 205.651 138.227 69.6644 114.085 74.7994 27.8208 85.0777 67.9217 96.2232 97.4993 91.4567 88.2772 181.381 21.2672 177.956 74.5261 131.817 69.1312 104.077 60.7061 77.3721 99.1527 153.316 77.4584 88.3845 138.387 86.1176 60.6901 83.873 55.7322 117.699 43.4193 65.5022 113.805 54.6461 88.3113 149.929 
19.1998 169.36 202.231 47.3511 0 116.907 61.5985 64.4019 207.115 189.682 67.6165 125.347 192.752 233.793 195.426 63.4055 99.1419 225.653 73.1354 111.267 66.7172 143.749 13.6996 152.683 165.342 106.134 79.8741 158.613 88.9985 43.1162 123.161 177.172 265.634 244.948 90.8763 58.1803 153.381 114.096 55.6359 124.374 20.5707 135.52 50.1483 130.753 127.574 220.677 67.0145 217.252 27.1751 171.113 71.7025 143.373 100.003 116.669 86.0411 192.613 110.499 41.0334 91.0364 38.7665 99.9866 36.5219 81.467 163.202 82.7158 104.799 66.4541 7.29501 127.608 189.225 
116.757 59.8292 85.3236 77.6107 116.907 0 55.3086 52.5052 90.208 72.7745 127.76 121.018 75.8453 116.886 78.5185 123.549 125.623 108.746 43.7718 116.416 126.861 102.207 103.208 35.7759 48.4348 73.9117 140.018 88.3573 134.577 73.791 102.337 102.547 148.726 128.041 151.02 82.457 36.4743 66.0615 61.2712 59.6222 99.5991 46.1636 110.292 60.3232 54.6656 103.77 56.3435 100.345 128.424 54.2059 81.9239 41.0563 27.7323 55.9999 111.945 93.3645 90.251 111.671 151.18 127.443 16.9205 96.6656 68.5248 103.058 43.5259 75.6308 126.598 122.9 75.9822 72.318 
63.0983 107.762 140.632 22.3021 61.5985 55.3086 0 3.27409 145.517 128.083 111.515 104.773 131.154 172.194 133.827 107.304 109.377 164.054 22.9415 100.17 110.616 85.9616 47.8989 91.0845 103.743 57.6665 123.773 104.602 118.332 42.0016 86.0914 118.792 204.035 183.349 134.775 66.2118 91.7829 52.4974 24.3682 75.8674 64.4692 73.9212 94.0468 76.5684 70.9107 159.079 23.1159 155.654 73.1151 109.515 65.6787 81.7749 38.404 55.0701 95.7002 131.014 74.0058 84.9319 134.935 82.665 38.3881 80.4205 52.2797 119.303 27.2807 59.3856 110.353 67.5916 66.0092 127.627 
66.3724 104.958 137.829 25.1054 64.4019 52.5052 3.27409 0 142.713 125.28 114.789 108.047 128.351 169.391 131.024 110.578 112.652 161.251 26.2155 103.445 113.89 89.2357 50.7023 88.2811 100.94 60.9406 127.047 101.328 121.606 45.2757 89.3655 115.518 201.232 180.546 138.049 69.4859 88.9795 53.0904 27.6423 72.5933 67.7433 71.1178 97.3209 73.2943 67.6366 156.275 19.8418 152.85 75.9185 106.711 68.9528 78.9715 35.6007 52.2667 98.9743 128.211 77.2799 88.206 138.209 85.9391 35.5847 83.6946 55.5538 116.029 30.5548 62.6597 113.627 70.3949 63.2059 124.823 
206.965 100.18 47.8629 167.819 207.115 90.208 145.517 142.713 0 20.6267 168.111 161.369 96.2995 51.7582 25.347 163.9 165.974 18.5376 133.98 156.767 183.632 142.558 193.416 54.8417 41.7732 114.263 180.369 48.5018 174.928 163.999 142.688 62.1956 58.5184 37.8326 191.371 148.935 53.7337 106.412 151.479 82.741 189.807 86.5145 197.145 76.362 79.5415 47.5392 146.551 10.137 218.632 62.2406 135.413 81.4072 107.113 96.3508 152.296 53.0135 130.602 201.879 191.531 217.651 107.129 171.586 125.648 62.7073 124.399 115.982 177.764 213.108 116.333 34.4397 
189.531 120.807 68.4896 150.385 189.682 72.7745 128.083 125.28 20.6267 0 188.738 181.995 116.926 72.3849 45.9737 184.527 186.6 35.971 116.546 177.393 187.838 163.184 175.982 75.4684 37.5799 134.889 200.995 31.0683 195.555 146.566 163.314 41.5689 75.9519 55.2661 211.998 143.435 63.707 127.039 134.046 65.3075 172.374 107.141 179.712 58.9285 62.1081 68.1658 129.118 27.5704 201.198 82.8673 142.901 102.034 89.6791 116.977 172.923 32.3868 151.229 184.445 212.158 200.217 89.6951 157.643 129.502 42.0806 106.966 136.608 187.575 195.675 136.96 55.0664 
50.6229 118.587 151.458 114.968 67.6165 127.76 111.515 114.789 168.111 188.738 0 74.5739 141.979 183.02 144.653 12.2668 48.3688 174.88 88.5736 60.4939 27.2897 92.9755 78.6157 113.269 151.158 55.3612 26.2581 216.118 38.2254 69.5134 72.3879 230.307 214.861 194.175 23.2598 45.3032 125.031 63.3228 87.1468 187.382 47.0458 84.7466 40.8033 188.083 182.426 169.904 134.631 166.479 62.2897 120.34 45.8363 92.6003 100.028 71.7603 35.268 221.125 59.7264 45.5367 23.4199 61.3085 131.984 31.0946 59.2354 230.818 84.2343 54.0256 21.4223 60.3215 76.8347 138.452 
125.197 61.1887 113.506 108.225 125.347 121.018 104.773 108.047 161.369 181.995 74.5739 0 67.4054 109.611 136.022 62.3072 26.2052 149.65 81.8312 14.0801 101.864 18.811 111.647 106.527 144.416 47.1061 48.3158 209.375 36.3485 82.2309 18.6813 223.564 140.287 159.775 73.9747 67.1667 118.288 54.9564 80.4044 180.64 108.039 74.8542 115.377 181.341 175.683 113.83 127.889 159.538 136.864 99.1281 53.6445 79.9616 93.2856 65.018 39.3059 214.382 30.7668 120.111 60.1638 135.882 125.242 89.8184 52.493 224.076 77.492 45.387 95.9963 131.34 45.0356 126.929 
192.602 23.3921 48.4366 153.456 192.752 75.8453 131.154 128.351 96.2995 116.926 141.979 67.4054 0 44.5413 70.9525 129.713 93.6106 84.5811 119.617 81.4854 169.269 49.0038 179.053 41.4578 79.3463 86.6182 115.721 144.306 103.754 149.636 69.5914 158.495 74.2981 94.7054 141.38 134.572 53.2192 78.6565 137.116 115.571 175.444 57.2327 182.783 116.272 110.614 48.7604 132.189 94.4685 204.269 34.0589 121.05 49.379 92.7498 76.0838 106.711 149.313 82.253 187.516 127.569 203.288 92.7658 157.224 111.285 159.007 110.037 87.9538 163.402 198.745 65.1446 61.8598 
233.643 64.4326 31.5621 194.496 233.793 116.886 172.194 169.391 51.7582 72.3849 183.02 109.611 44.5413 0 38.3673 170.753 134.651 40.0398 160.658 122.526 210.31 90.7995 220.093 81.1099 68.4509 127.659 156.762 99.7646 144.794 190.677 110.632 113.954 31.8407 50.1641 182.421 175.613 80.4115 119.697 178.157 109.419 216.485 98.2732 223.823 103.04 106.219 13.1158 173.229 49.9271 245.31 62.6799 162.09 90.4195 133.79 117.124 147.752 104.772 123.293 228.557 168.61 244.328 133.806 198.264 152.326 114.465 151.077 128.994 204.442 239.786 106.185 44.5678 
195.275 74.8331 22.5159 156.129 195.426 78.5185 133.827 131.024 25.347 45.9737 144.653 136.022 70.9525 38.3673 0 138.553 140.627 30.2271 122.29 131.42 171.942 117.211 181.726 42.7426 30.0837 89.2914 155.022 73.3534 149.581 152.309 117.341 87.5426 70.2079 49.5221 166.024 137.245 42.0442 81.3297 139.79 71.0515 178.118 61.1676 185.456 64.6725 67.852 25.2515 134.862 23.5159 206.942 36.8937 123.723 56.0602 95.4231 78.757 126.949 78.3605 105.255 190.189 166.184 205.961 95.439 159.897 113.959 88.0543 112.71 90.6348 166.075 201.419 90.9862 9.0927 
62.8896 106.32 139.191 110.757 63.4055 123.549 107.304 110.578 163.9 184.527 12.2668 62.3072 129.713 170.753 138.553 0 36.102 162.613 84.3626 48.2271 39.5565 80.7087 74.4047 109.058 146.947 49.6375 16.4686 211.907 25.9586 65.3024 60.1211 226.096 202.594 181.908 27.4708 41.0922 120.82 57.4877 82.9358 183.171 45.7318 77.3856 53.0701 183.872 178.215 157.637 130.42 162.069 74.5565 108.073 41.6253 82.4929 95.8169 67.5493 23.0012 216.914 47.4596 57.8035 27.6309 73.5753 127.773 27.5112 55.0244 226.607 80.0233 47.9184 33.6891 69.0329 64.5679 129.46 
98.9917 70.2184 118.111 112.83 99.1419 125.623 109.377 112.652 165.974 186.6 48.3688 26.2052 93.6106 134.651 140.627 36.102 0 154.255 86.436 12.1251 75.6585 44.6067 85.4423 111.132 149.02 51.7109 22.1106 213.98 10.1434 67.3759 24.0191 228.169 166.492 164.379 47.7695 43.1657 122.893 59.5612 85.0093 185.245 81.8338 79.4591 89.1721 185.946 180.288 121.535 132.493 164.143 110.658 103.733 43.6988 84.5664 97.8904 69.6228 13.6773 218.987 35.3717 93.9055 33.9586 109.677 129.847 63.6132 57.0978 228.681 82.0968 49.9919 69.7911 105.135 49.6404 131.534 
225.502 88.4617 36.1445 186.356 225.653 108.746 164.054 161.251 18.5376 35.971 174.88 149.65 84.5811 40.0398 30.2271 162.613 154.255 0 152.517 145.048 202.169 130.839 211.953 72.9696 60.3107 119.518 168.65 67.0394 163.21 182.537 130.969 73.914 39.9809 19.2951 179.652 167.472 72.2713 111.557 170.017 101.279 208.345 90.133 215.683 94.8995 98.0791 35.8207 165.089 9.88736 237.169 54.5396 153.95 82.2793 125.65 108.984 140.578 64.7319 118.884 220.416 179.813 236.188 125.666 190.124 144.186 74.4257 142.937 120.854 196.302 231.646 104.615 36.4276 
72.9852 96.225 129.095 33.8389 73.1354 43.7718 22.9415 26.2155 133.98 116.546 88.5736 81.8312 119.617 160.658 122.29 84.3626 86.436 152.517 0 77.229 87.6742 70.6132 59.4358 79.5477 92.2066 34.7251 100.831 127.544 95.3907 30.0192 63.1499 141.733 192.498 171.812 111.833 43.2704 80.2461 40.9605 17.4994 98.8089 55.8273 62.3843 71.1053 99.5098 93.8522 147.542 46.0574 144.117 84.652 97.9777 42.7372 70.238 26.8672 43.5332 72.7587 132.551 51.0644 67.899 111.993 83.6708 43.4106 57.479 29.3382 142.245 9.58044 36.4442 87.4112 79.1284 54.4724 116.09 
111.117 58.0933 108.904 103.623 111.267 116.416 100.17 103.445 156.767 177.393 60.4939 14.0801 81.4854 122.526 131.42 48.2271 12.1251 145.048 77.229 0 87.7836 32.4816 97.5674 101.925 139.813 42.5039 34.2357 204.773 22.2685 68.1508 14.0791 218.962 154.367 155.172 59.8946 53.0866 113.686 50.3542 75.8022 176.038 93.9589 70.252 101.297 176.739 171.081 109.41 123.286 154.935 122.784 94.5259 39.5644 75.3594 88.6833 60.4157 25.2259 209.78 26.1646 106.031 46.0837 121.802 120.64 75.7383 47.8908 219.474 72.8897 40.7848 81.9162 117.26 40.4334 122.327 
47.5173 145.877 178.747 114.068 66.7172 126.861 110.616 113.89 183.632 187.838 27.2897 101.864 169.269 210.31 171.942 39.5565 75.6585 202.169 87.6742 87.7836 0 120.265 77.7164 129.2 150.259 82.6509 53.5479 215.218 65.5151 68.6141 99.6776 229.407 242.15 221.464 27.889 44.4039 129.898 90.6126 86.2474 186.483 46.1465 112.036 16.5689 187.184 181.526 197.194 133.732 193.769 39.5421 147.63 48.2192 119.89 99.1286 93.1852 62.5577 220.225 87.0161 25.6837 41.6999 34.0188 131.085 30.1952 58.336 229.919 83.335 81.3153 5.86741 59.4221 104.124 165.742 
143.598 42.3776 94.6948 104.452 143.749 102.207 85.9616 89.2357 142.558 163.184 92.9755 18.811 49.0038 90.7995 117.211 80.7087 44.6067 130.839 70.6132 32.4816 120.265 0 130.049 87.7161 125.605 37.6143 66.7174 190.564 54.7501 100.632 20.5876 204.753 121.885 140.964 92.3762 85.5682 99.4774 36.1453 88.1127 161.829 126.441 56.0432 133.779 162.53 156.872 95.0186 109.078 140.727 155.265 80.3171 72.046 61.1505 74.4745 46.2069 57.7075 195.571 33.2491 138.512 78.5653 154.284 106.431 108.22 62.2816 205.265 61.0328 38.9499 114.398 149.742 26.2245 108.118 
30.1991 155.661 188.531 36.3518 13.6996 103.208 47.8989 50.7023 193.416 175.982 78.6157 111.647 179.053 220.093 181.726 74.4047 85.4423 211.953 59.4358 97.5674 77.7164 130.049 0 138.983 151.642 92.4346 90.8733 144.914 85.4329 29.4166 109.461 163.472 251.934 231.248 101.876 44.4807 139.682 100.396 41.9363 110.675 31.5699 121.82 61.1475 117.054 113.874 206.978 56.0152 203.553 38.1743 157.413 58.0029 129.674 86.303 102.969 72.3415 178.913 96.7999 52.0327 102.036 49.7657 86.287 47.5212 67.7674 152.203 69.0162 91.099 77.4534 19.6926 113.908 175.526 
152.533 45.3384 49.5477 113.387 152.683 35.7759 91.0845 88.2811 54.8417 75.4684 113.269 106.527 41.4578 81.1099 42.7426 109.058 111.132 72.9696 79.5477 101.925 129.2 87.7161 138.983 0 37.8885 59.421 125.527 102.848 120.087 109.567 87.8458 117.037 112.951 92.2647 136.529 94.5027 11.7614 51.5707 97.0471 74.113 135.375 31.6729 142.713 74.8139 69.1563 67.9941 92.1194 64.5691 164.2 18.43 80.9805 26.5655 52.6805 41.5091 97.4546 107.855 75.7603 147.447 136.689 163.219 52.6964 117.154 71.216 117.549 69.9673 61.1401 123.332 158.676 61.4915 36.5421 
165.192 83.2269 36.8888 126.046 165.342 48.4348 103.743 100.94 41.7732 37.5799 151.158 144.416 79.3463 68.4509 30.0837 146.947 149.02 60.3107 92.2066 139.813 150.259 125.605 151.642 37.8885 0 97.3095 163.416 64.9596 157.975 122.226 125.734 79.1488 100.292 79.6058 174.418 107.162 26.1271 89.4592 109.706 40.9678 148.034 69.5614 155.372 36.9254 37.7684 55.3352 104.778 51.9101 176.859 45.2875 105.322 64.454 65.3394 79.3976 135.343 69.9667 113.649 160.106 174.578 175.877 65.3554 129.813 91.9226 79.6605 82.6262 99.0286 149.996 171.335 99.38 23.8832 
105.984 63.2261 96.0965 66.8378 106.134 73.9117 57.6665 60.9406 114.263 134.889 55.3612 47.1061 86.6182 127.659 89.2914 49.6375 51.7109 119.518 34.7251 42.5039 82.6509 37.6143 92.4346 59.421 97.3095 0 66.106 162.269 60.6657 63.0181 28.4248 176.458 159.499 138.814 77.1082 47.9539 71.1823 7.96167 50.4983 133.534 88.8262 29.3855 96.1645 134.235 128.577 114.543 80.7825 112.432 117.651 64.9788 34.4317 37.2392 46.1795 17.9118 38.0336 167.276 16.3393 100.898 77.2684 116.67 78.1357 70.6056 24.6672 176.97 30.3858 1.7191 76.7835 112.127 21.4735 83.0909 
76.881 92.3291 132.506 127.225 79.8741 140.018 123.773 127.047 180.369 200.995 26.2581 48.3158 115.721 156.762 155.022 16.4686 22.1106 168.65 100.831 34.2357 53.5479 66.7174 90.8733 125.527 163.416 66.106 0 228.375 11.9673 81.771 46.1298 242.564 188.602 178.775 25.6589 57.5608 137.288 73.9563 99.4043 199.64 59.7232 93.8542 67.0614 200.341 194.683 143.646 146.889 178.538 88.5478 118.128 58.0939 98.9615 112.285 84.0179 28.0724 233.382 49.7668 71.7949 11.848 87.5667 144.242 43.3521 71.4929 243.076 96.4919 64.3869 47.6805 83.0243 64.0355 145.929 
167.701 148.186 95.8693 119.317 158.613 88.3573 104.602 101.328 48.5018 31.0683 216.118 209.375 144.306 99.7646 73.3534 211.907 213.98 67.0394 127.544 204.773 215.218 190.564 144.914 102.848 64.9596 162.269 228.375 0 222.935 146.604 190.694 18.5583 107.02 86.3344 239.377 170.814 91.0867 154.419 128.971 34.2392 169.072 134.521 198.649 28.0341 33.6918 95.5455 98.0497 58.6388 175.676 110.247 170.281 129.414 116.09 144.357 200.303 33.9992 178.608 189.534 239.537 187.268 84.1334 185.023 156.882 14.7009 131.883 163.988 214.955 164.606 164.34 82.4461 
88.8483 80.3618 127.065 121.785 88.9985 134.577 118.332 121.606 174.928 195.555 38.2254 36.3485 103.754 144.794 149.581 25.9586 10.1434 163.21 95.3907 22.2685 65.5151 54.7501 85.4329 120.087 157.975 60.6657 11.9673 222.935 0 76.3306 34.1625 237.124 176.635 173.334 37.6261 52.1204 131.848 68.5159 93.964 194.2 71.6904 88.4138 79.0287 194.901 189.243 131.679 141.448 173.097 100.515 112.688 52.6535 93.5211 106.845 78.5775 22.632 227.942 44.3264 83.7621 23.8152 99.534 138.801 53.4698 66.0525 237.636 91.0515 58.9466 59.6477 94.9915 58.5951 140.489 
42.966 126.244 159.115 45.4541 43.1162 73.791 42.0016 45.2757 163.999 146.566 69.5134 82.2309 149.636 190.677 152.309 65.3024 67.3759 182.537 30.0192 68.1508 68.6141 100.632 29.4166 109.567 122.226 63.0181 81.771 146.604 76.3306 0 80.0448 160.793 222.517 201.832 92.7732 24.2102 110.265 70.9797 17.6333 117.869 25.8081 92.4035 52.0452 118.57 112.912 177.561 65.1175 174.136 54.6328 127.997 28.5864 100.257 56.8864 73.5524 53.6986 151.611 67.3833 42.9304 92.9334 53.6516 62.4707 38.4189 38.3508 161.305 39.5996 61.6825 68.3511 49.1092 84.4916 146.109 
123.011 46.1993 94.8246 89.5439 123.161 102.337 86.0914 89.3655 142.688 163.314 72.3879 18.6813 69.5914 110.632 117.341 60.1211 24.0191 130.969 63.1499 14.0791 99.6776 20.5876 109.461 87.8458 125.734 28.4248 46.1298 190.694 34.1625 80.0448 0 204.883 142.473 141.093 71.7886 64.9806 99.6072 36.2751 67.5251 161.959 105.853 56.173 113.191 162.66 157.002 97.5161 109.207 140.856 134.678 80.4469 51.4585 61.2803 74.6043 46.3367 37.1199 195.701 12.6615 117.925 57.9777 133.696 106.561 87.6323 41.694 205.395 58.8107 26.7057 93.8102 129.154 26.3543 108.248 
181.89 162.376 110.058 137.875 177.172 102.547 118.792 115.518 62.1956 41.5689 230.307 223.564 158.495 113.954 87.5426 226.096 228.169 73.914 141.733 218.962 229.407 204.753 163.472 117.037 79.1488 176.458 242.564 18.5583 237.124 160.793 204.883 0 88.462 67.7762 253.567 185.004 105.276 168.608 143.16 52.7975 183.261 148.71 212.838 46.4184 49.598 109.735 116.608 64.0267 189.865 124.436 184.47 143.603 130.279 158.546 214.492 15.441 192.798 203.724 253.727 201.457 98.3226 199.212 171.071 20.1766 146.072 178.177 229.144 183.165 178.529 96.6353 
265.483 96.2733 63.4028 226.337 265.634 148.726 204.035 201.232 58.5184 75.9519 214.861 140.287 74.2981 31.8407 70.2079 202.594 166.492 39.9809 192.498 154.367 242.15 121.885 251.934 112.951 100.292 159.499 188.602 107.02 176.635 222.517 142.473 88.462 0 20.6858 214.261 207.453 112.252 151.538 209.998 141.259 248.326 130.114 255.664 134.88 138.06 44.9565 205.07 48.3815 277.15 94.5205 193.931 122.26 165.631 148.965 179.593 75.0149 155.134 260.397 200.45 276.169 165.647 230.105 184.167 108.639 182.918 160.835 236.283 271.627 138.026 76.4084 
244.798 98.586 46.2687 205.651 244.948 128.041 183.349 180.546 37.8326 55.2661 194.175 159.775 94.7054 50.1641 49.5221 181.908 164.379 19.2951 171.812 155.172 221.464 140.964 231.248 92.2647 79.6058 138.814 178.775 86.3344 173.334 201.832 141.093 67.7762 20.6858 0 193.575 186.767 91.5663 130.852 189.312 120.574 227.64 109.428 234.978 114.195 117.374 45.945 184.384 27.6957 256.464 73.8347 173.245 101.574 144.945 128.279 158.907 54.6077 134.448 239.711 189.937 255.483 144.961 209.419 163.481 87.9528 162.232 140.149 215.597 250.941 117.34 55.7226 
71.6765 117.988 150.858 138.227 90.8763 151.02 134.775 138.049 191.371 211.998 23.2598 73.9747 141.38 182.421 166.024 27.4708 47.7695 179.652 111.833 59.8946 27.889 92.3762 101.876 136.529 174.418 77.1082 25.6589 239.377 37.6261 92.7732 71.7886 253.567 214.261 193.575 0 68.563 148.291 84.9585 110.407 210.642 70.3056 104.856 41.4026 211.343 205.686 169.305 157.891 189.54 63.7012 129.13 69.0961 109.964 123.288 95.0201 39.0746 244.384 60.769 49.8428 13.8109 61.9078 155.244 54.3543 82.4951 254.078 107.494 75.3891 24.4221 83.5813 76.2354 156.931 
58.0301 111.18 144.05 69.6644 58.1803 82.457 66.2118 69.4859 148.935 143.435 45.3032 67.1667 134.572 175.613 137.245 41.0922 43.1657 167.472 43.2704 53.0866 44.4039 85.5682 44.4807 94.5027 107.162 47.9539 57.5608 170.814 52.1204 24.2102 64.9806 185.004 207.453 186.767 68.563 0 95.2011 55.9156 41.8436 142.079 40.8723 77.3394 48.2106 142.78 137.123 162.497 89.3278 159.072 69.697 112.933 13.5222 85.193 54.7247 58.4883 29.4884 175.821 52.3191 52.944 68.7231 68.7158 86.6809 22.6517 23.2867 185.515 38.9311 46.6183 44.1408 64.1734 69.4274 131.045 
153.231 57.0998 48.8494 114.085 153.381 36.4743 91.7829 88.9795 53.7337 63.707 125.031 118.288 53.2192 80.4115 42.0442 120.82 122.893 72.2713 80.2461 113.686 129.898 99.4774 139.682 11.7614 26.1271 71.1823 137.288 91.0867 131.848 110.265 99.6072 105.276 112.252 91.5663 148.291 95.2011 0 63.3321 97.7455 62.3516 136.073 43.4342 143.412 63.0526 57.3949 67.2957 92.8178 63.8707 164.898 19.1603 81.6789 38.3269 53.3788 53.2705 109.216 96.0938 87.5216 148.145 148.451 163.917 53.3948 117.853 71.9144 105.788 70.6656 72.9014 124.031 159.374 73.2529 35.8437 
113.946 55.2644 88.1349 74.7994 114.096 66.0615 52.4974 53.0904 106.412 127.039 63.3228 54.9564 78.6565 119.697 81.3297 57.4877 59.5612 111.557 40.9605 50.3542 90.6126 36.1453 100.396 51.5707 89.4592 7.96167 73.9563 154.419 68.5159 70.9797 36.2751 168.608 151.538 130.852 84.9585 55.9156 63.3321 0 58.46 125.684 96.7879 21.4238 104.126 126.385 120.727 106.581 72.9322 104.581 125.613 57.0172 42.3934 29.2775 38.3292 10.0616 45.8839 159.426 24.1895 108.86 85.1187 124.631 70.2854 78.5673 32.6289 169.12 31.3801 9.56937 84.7451 120.089 13.5119 75.1292 
55.4857 113.724 146.595 27.8208 55.6359 61.2712 24.3682 27.6423 151.479 134.046 87.1468 80.4044 137.116 178.157 139.79 82.9358 85.0093 170.017 17.4994 75.8022 86.2474 88.1127 41.9363 97.0471 109.706 50.4983 99.4043 128.971 93.964 17.6333 67.5251 143.16 209.998 189.312 110.407 41.8436 97.7455 58.46 0 100.236 40.1009 79.8838 69.6785 100.937 95.279 165.041 47.4842 161.616 67.1525 115.477 41.3104 87.7375 44.3666 61.0327 71.3319 136.977 54.8635 60.5637 110.567 66.1714 44.8374 56.0522 27.9114 143.672 27.0799 49.1627 85.9844 61.629 71.9719 133.589 
138.966 119.451 77.8566 85.0777 124.374 59.6222 75.8674 72.5933 82.741 65.3075 187.382 180.64 115.571 109.419 71.0515 183.171 185.245 101.279 98.8089 176.038 186.483 161.829 110.675 74.113 40.9678 133.534 199.64 34.2392 194.2 117.869 161.959 52.7975 141.259 120.574 210.642 142.079 62.3516 125.684 100.236 0 140.337 105.786 169.914 6.37904 4.95669 96.303 63.8105 92.878 146.941 81.512 141.546 100.679 87.3545 115.622 171.568 68.2384 149.873 160.799 210.802 158.532 55.3983 156.288 128.147 43.436 103.148 135.253 186.22 130.367 135.604 64.851 
17.1578 152.052 184.923 67.9217 20.5707 99.5991 64.4692 67.7433 189.807 172.374 47.0458 108.039 175.444 216.485 178.118 45.7318 81.8338 208.345 55.8273 93.9589 46.1465 126.441 31.5699 135.375 148.034 88.8262 59.7232 169.072 71.6904 25.8081 105.853 183.261 248.326 227.64 70.3056 40.8723 136.073 96.7879 40.1009 140.337 0 118.212 29.5776 141.038 135.38 203.369 87.5851 199.944 28.8247 153.805 54.3945 126.065 82.6945 99.3606 68.733 175.305 93.1914 20.4628 70.4658 27.8435 84.9383 18.2206 64.159 183.773 65.4078 87.4906 45.8835 23.3011 110.3 171.917 
135.369 33.8406 66.7111 96.2232 135.52 46.1636 73.9212 71.1178 86.5145 107.141 84.7466 74.8542 57.2327 98.2732 61.1676 77.3856 79.4591 90.133 62.3843 70.252 112.036 56.0432 121.82 31.6729 69.5614 29.3855 93.8542 134.521 88.4138 92.4035 56.173 148.71 130.114 109.428 104.856 77.3394 43.4342 21.4238 79.8838 105.786 118.212 0 125.55 106.487 100.829 85.1574 74.9561 84.6835 147.036 35.5934 63.8172 7.85368 35.5171 18.8511 65.7818 139.528 44.0874 130.283 105.017 146.055 50.3876 99.9911 54.0527 149.222 52.8039 30.7211 106.169 141.513 29.8186 53.7054 
30.9484 159.391 192.261 97.4993 50.1483 110.292 94.0468 97.3209 197.145 179.712 40.8033 115.377 182.783 223.823 185.456 53.0701 89.1721 215.683 71.1053 101.297 16.5689 133.779 61.1475 142.713 155.372 96.1645 67.0614 198.649 79.0287 52.0452 113.191 212.838 255.664 234.978 41.4026 48.2106 143.412 104.126 69.6785 169.914 29.5776 125.55 0 170.615 164.958 210.707 117.163 207.282 22.9732 161.143 61.7328 133.404 90.0328 106.699 76.0713 203.656 100.53 9.11483 55.2135 20.5052 114.516 25.5589 71.4972 213.35 72.746 94.8289 19.381 42.8533 117.638 179.255 
139.667 120.152 71.4776 91.4567 130.753 60.3232 76.5684 73.2943 76.362 58.9285 188.083 181.341 116.272 103.04 64.6725 183.872 185.946 94.8995 99.5098 176.739 187.184 162.53 117.054 74.8139 36.9254 134.235 200.341 28.0341 194.901 118.57 162.66 46.4184 134.88 114.195 211.343 142.78 63.0526 126.385 100.937 6.37904 141.038 106.487 170.615 0 5.65762 89.9239 70.1895 86.4989 147.642 82.2129 142.247 101.379 88.0555 116.323 172.269 61.8594 150.574 161.5 211.503 159.233 56.0992 156.989 128.848 42.735 103.849 135.954 186.921 136.746 136.305 58.472 
134.009 114.495 74.6572 88.2772 127.574 54.6656 70.9107 67.6366 79.5415 62.1081 182.426 175.683 110.614 106.219 67.852 178.215 180.288 98.0791 93.8522 171.081 181.526 156.872 113.874 69.1563 37.7684 128.577 194.683 33.6918 189.243 112.912 157.002 49.598 138.06 117.374 205.686 137.123 57.3949 120.727 95.279 4.95669 135.38 100.829 164.958 5.65762 0 93.1035 67.01 89.6785 141.984 76.5553 136.589 95.7218 82.3978 110.665 166.611 65.0389 144.917 155.843 205.846 153.576 50.4416 151.331 123.19 48.3927 98.1914 130.296 181.263 133.567 130.648 61.6515 
220.527 52.6409 18.4463 181.381 220.677 103.77 159.079 156.275 47.5392 68.1658 169.904 113.83 48.7604 13.1158 25.2515 157.637 121.535 35.8207 147.542 109.41 197.194 95.0186 206.978 67.9941 55.3352 114.543 143.646 95.5455 131.679 177.561 97.5161 109.735 44.9565 45.945 169.305 162.497 67.2957 106.581 165.041 96.303 203.369 85.1574 210.707 89.9239 93.1035 0 160.113 45.7081 232.194 49.5641 148.975 77.3037 120.675 104.009 134.636 100.553 110.178 215.441 155.494 231.213 120.691 185.148 139.21 110.246 137.961 115.878 191.326 226.67 93.0693 31.452 
86.2143 108.797 141.667 21.2672 67.0145 56.3435 23.1159 19.8418 146.551 129.118 134.631 127.889 132.189 173.229 134.862 130.42 132.493 165.089 46.0574 123.286 133.732 109.078 56.0152 92.1194 104.778 80.7825 146.889 98.0497 141.448 65.1175 109.207 116.608 205.07 184.384 157.891 89.3278 92.8178 72.9322 47.4842 63.8105 87.5851 74.9561 117.163 70.1895 67.01 160.113 0 156.688 94.1896 110.549 88.7946 82.8097 39.4389 62.8706 118.816 132.049 97.1218 108.048 158.051 105.781 39.423 103.536 75.3956 96.4313 50.3966 82.5016 133.469 74.3095 82.853 128.661 
217.102 98.349 46.0318 177.956 217.252 100.345 155.654 152.85 10.137 27.5704 166.479 159.538 94.4685 49.9271 23.5159 162.069 164.143 9.88736 144.117 154.935 193.769 140.727 203.553 64.5691 51.9101 112.432 178.538 58.6388 173.097 174.136 140.856 64.0267 48.3815 27.6957 189.54 159.072 63.8707 104.581 161.616 92.878 199.944 84.6835 207.282 86.4989 89.6785 45.7081 156.688 0 228.769 60.4096 145.55 79.5761 117.25 100.584 150.465 54.8446 128.771 212.016 189.7 227.788 117.265 181.723 135.785 64.5383 134.536 114.151 187.901 223.245 114.502 32.6086 
11.6668 180.877 213.747 74.5261 27.1751 128.424 73.1151 75.9185 218.632 201.198 62.2897 136.864 204.269 245.31 206.942 74.5565 110.658 237.169 84.652 122.784 39.5421 155.265 38.1743 164.2 176.859 117.651 88.5478 175.676 100.515 54.6328 134.678 189.865 277.15 256.464 63.7012 69.697 164.898 125.613 67.1525 146.941 28.8247 147.036 22.9732 147.642 141.984 232.194 94.1896 228.769 0 182.63 83.2191 154.89 111.519 128.185 97.5577 204.129 122.016 16.753 76.6999 11.5914 111.503 47.0453 92.9836 190.377 94.2324 116.315 40.8674 19.8801 139.124 200.742 
170.963 37.9395 31.1177 131.817 171.113 54.2059 109.515 106.711 62.2406 82.8673 120.34 99.1281 34.0589 62.6799 36.8937 108.073 103.733 54.5396 97.9777 94.5259 147.63 80.3171 157.413 18.43 45.2875 64.9788 118.128 110.247 112.688 127.997 80.4469 124.436 94.5205 73.8347 129.13 112.933 19.1603 57.0172 115.477 81.512 153.805 35.5934 161.143 82.2129 76.5553 49.5641 110.549 60.4096 182.63 0 99.4105 27.7397 71.1105 54.4445 90.0557 115.254 68.3613 165.877 129.29 181.649 71.1265 135.584 89.6461 124.948 88.3973 66.3144 141.762 177.106 54.0925 27.801 
71.5523 97.6578 130.528 69.1312 71.7025 81.9239 65.6787 68.9528 135.413 142.901 45.8363 53.6445 121.05 162.09 123.723 41.6253 43.6988 153.95 42.7372 39.5644 48.2192 72.046 58.0029 80.9805 105.322 34.4317 58.0939 170.281 52.6535 28.5864 51.4585 184.47 193.931 173.245 69.0961 13.5222 81.6789 42.3934 41.3104 141.546 54.3945 63.8172 61.7328 142.247 136.589 148.975 88.7946 145.55 83.2191 99.4105 0 71.6709 54.1916 44.9661 30.0215 175.288 38.7969 66.4662 69.2563 82.238 86.1478 36.1739 13.399 184.982 38.398 33.0961 44.674 77.6956 55.9052 117.523 
143.223 25.9869 58.8574 104.077 143.373 41.0563 81.7749 78.9715 81.4072 102.034 92.6003 79.9616 49.379 90.4195 56.0602 82.4929 84.5664 82.2793 70.238 75.3594 119.89 61.1505 129.674 26.5655 64.454 37.2392 98.9615 129.414 93.5211 100.257 61.2803 143.603 122.26 101.574 109.964 85.193 38.3269 29.2775 87.7375 100.679 126.065 7.85368 133.404 101.379 95.7218 77.3037 82.8097 79.5761 154.89 27.7397 71.6709 0 43.3708 26.7048 70.8891 134.421 49.1947 138.137 110.124 153.909 45.2802 107.845 61.9064 144.114 60.6576 38.5747 114.023 149.366 34.926 46.9675 
99.8524 69.3577 102.228 60.7061 100.003 27.7323 38.404 35.6007 107.113 89.6791 100.028 93.2856 92.7498 133.79 95.4231 95.8169 97.8904 125.65 26.8672 88.6833 99.1286 74.4745 86.303 52.6805 65.3394 46.1795 112.285 116.09 106.845 56.8864 74.6043 130.279 165.631 144.945 123.288 54.7247 53.3788 38.3292 44.3666 87.3545 82.6945 35.5171 90.0328 88.0555 82.3978 120.675 39.4389 117.25 111.519 71.1105 54.1916 43.3708 0 28.2676 84.2131 121.097 62.5187 94.7662 123.448 110.538 31.9562 68.9334 40.7926 130.79 17.2868 47.8985 98.8655 105.996 48.25 89.2226 
116.518 52.6917 85.5622 77.3721 116.669 55.9999 55.0701 52.2667 96.3508 116.977 71.7603 65.018 76.0838 117.124 78.757 67.5493 69.6228 108.984 43.5332 60.4157 93.1852 46.2069 102.969 41.5091 79.3976 17.9118 84.0179 144.357 78.5775 73.5524 46.3367 158.546 148.965 128.279 95.0201 58.4883 53.2705 10.0616 61.0327 115.622 99.3606 18.8511 106.699 116.323 110.665 104.009 62.8706 100.584 128.185 54.4445 44.9661 26.7048 28.2676 0 55.9455 149.364 34.2511 111.432 95.1803 127.204 60.2238 81.14 35.2016 159.058 33.9528 19.6309 87.3178 122.662 19.9824 72.5565 
85.8909 83.3192 116.19 99.1527 86.0411 111.945 95.7002 98.9743 152.296 172.923 35.268 39.3059 106.711 147.752 126.949 23.0012 13.6773 140.578 72.7587 25.2259 62.5577 57.7075 72.3415 97.4546 135.343 38.0336 28.0724 200.303 22.632 53.6986 37.1199 214.492 179.593 158.907 39.0746 29.4884 109.216 45.8839 71.3319 171.568 68.733 65.7818 76.0713 172.269 166.611 134.636 118.816 150.465 97.5577 90.0557 30.0215 70.8891 84.2131 55.9455 0 205.31 24.4584 80.8047 39.2348 96.5765 116.169 50.5124 43.4205 215.004 68.4195 36.3145 56.6903 92.0341 41.5667 117.857 
192.462 153.194 100.876 153.316 192.613 93.3645 131.014 128.211 53.0135 32.3868 221.125 214.382 149.313 104.772 78.3605 216.914 218.987 64.7319 132.551 209.78 220.225 195.571 178.913 107.855 69.9667 167.276 233.382 33.9992 227.942 151.611 195.701 15.441 75.0149 54.6077 244.384 175.821 96.0938 159.426 136.977 68.2384 175.305 139.528 203.656 61.8594 65.0389 100.553 132.049 54.8446 204.129 115.254 175.288 134.421 121.097 149.364 205.31 0 183.615 194.542 244.545 203.148 92.626 190.03 161.889 35.6176 136.89 168.995 219.962 198.606 169.347 87.4532 
110.349 58.8609 91.7313 77.4584 110.499 90.251 74.0058 77.2799 130.602 151.229 59.7264 30.7668 82.253 123.293 105.255 47.4596 35.3717 118.884 51.0644 26.1646 87.0161 33.2491 96.7999 75.7603 113.649 16.3393 49.7668 178.608 44.3264 67.3833 12.6615 192.798 155.134 134.448 60.769 52.3191 87.5216 24.1895 54.8635 149.873 93.1914 44.0874 100.53 150.574 144.917 110.178 97.1218 128.771 122.016 68.3613 38.7969 49.1947 62.5187 34.2511 24.4584 183.615 0 105.263 60.9291 121.035 94.475 74.9708 29.0325 193.309 46.7251 14.6202 81.1487 116.492 17.1083 96.1623 
21.8336 164.124 196.994 88.3845 41.0334 111.671 84.9319 88.206 201.879 184.445 45.5367 120.111 187.516 228.557 190.189 57.8035 93.9055 220.416 67.899 106.031 25.6837 138.512 52.0327 147.447 160.106 100.898 71.7949 189.534 83.7621 42.9304 117.925 203.724 260.397 239.711 49.8428 52.944 148.145 108.86 60.5637 160.799 20.4628 130.283 9.11483 161.5 155.843 215.441 108.048 212.016 16.753 165.877 66.4662 138.137 94.7662 111.432 80.8047 194.542 105.263 0 59.9469 15.7718 105.401 30.2923 76.2306 204.235 77.4794 99.5623 25.4207 33.7384 122.371 183.989 
71.8366 104.177 143.668 138.387 91.0364 151.18 134.935 138.209 191.531 212.158 23.4199 60.1638 127.569 168.61 166.184 27.6309 33.9586 179.813 111.993 46.0837 41.6999 78.5653 102.036 136.689 174.578 77.2684 11.848 239.537 23.8152 92.9334 57.9777 253.727 200.45 189.937 13.8109 68.7231 148.451 85.1187 110.567 210.802 70.4658 105.017 55.2135 211.503 205.846 155.494 158.051 189.7 76.6999 129.29 69.2563 110.124 123.448 95.1803 39.2348 244.545 60.9291 59.9469 0 75.7187 155.404 54.5145 82.6553 254.238 107.654 75.5493 35.8325 83.7414 75.1979 157.091 
19.5667 179.896 212.766 86.1176 38.7665 127.443 82.665 85.9391 217.651 200.217 61.3085 135.882 203.288 244.328 205.961 73.5753 109.677 236.188 83.6708 121.802 34.0188 154.284 49.7657 163.219 175.877 116.67 87.5667 187.268 99.534 53.6516 133.696 201.457 276.169 255.483 61.9078 68.7158 163.917 124.631 66.1714 158.532 27.8435 146.055 20.5052 159.233 153.576 231.213 105.781 227.788 11.5914 181.649 82.238 153.909 110.538 127.204 96.5765 203.148 121.035 15.7718 75.7187 0 110.522 46.0641 92.0025 201.968 93.2513 115.334 39.8862 31.4715 138.143 199.761 
99.8364 69.3737 102.244 60.6901 99.9866 16.9205 38.3881 35.5847 107.129 89.6951 131.984 125.242 92.7658 133.806 95.439 127.773 129.847 125.666 43.4106 120.64 131.085 106.431 86.287 52.6964 65.3554 78.1357 144.242 84.1334 138.801 62.4707 106.561 98.3226 165.647 144.961 155.244 86.6809 53.3948 70.2854 44.8374 55.3983 84.9383 50.3876 114.516 56.0992 50.4416 120.691 39.423 117.265 111.503 71.1265 86.1478 45.2802 31.9562 60.2238 116.169 92.626 94.475 105.401 155.404 110.522 0 100.89 72.7488 98.8343 47.7498 79.8548 130.822 105.98 80.2062 89.2385 
35.3784 133.832 166.702 83.873 36.5219 96.6656 80.4205 83.6946 171.586 157.643 31.0946 89.8184 157.224 198.264 159.897 27.5112 63.6132 190.124 57.479 75.7383 30.1952 108.22 47.5212 117.154 129.813 70.6056 43.3521 185.023 53.4698 38.4189 87.6323 199.212 230.105 209.419 54.3543 22.6517 117.853 78.5673 56.0522 156.288 18.2206 99.9911 25.5589 156.989 151.331 185.148 103.536 181.723 47.0453 135.584 36.1739 107.845 68.9334 81.14 50.5124 190.03 74.9708 30.2923 54.5145 46.0641 100.89 0 45.9384 199.724 53.1398 69.27 29.9322 41.5217 92.0791 153.696 
81.3168 87.8933 120.764 55.7322 81.467 68.5248 52.2797 55.5538 125.648 129.502 59.2354 52.493 111.285 152.326 113.959 55.0244 57.0978 144.186 29.3382 47.8908 58.336 62.2816 67.7674 71.216 91.9226 24.6672 71.4929 156.882 66.0525 38.3508 41.694 171.071 184.167 163.481 82.4951 23.2867 71.9144 32.6289 27.9114 128.147 64.159 54.0527 71.4972 128.848 123.19 139.21 75.3956 135.785 92.9836 89.6461 13.399 61.9064 40.7926 35.2016 43.4205 161.889 29.0325 76.2306 82.6553 92.0025 72.7488 45.9384 0 171.583 24.999 23.3316 58.073 87.46 46.1408 107.758 
182.402 162.887 110.57 117.699 163.202 103.058 119.303 116.029 62.7073 42.0806 230.818 224.076 159.007 114.465 88.0543 226.607 228.681 74.4257 142.245 219.474 229.919 205.265 152.203 117.549 79.6605 176.97 243.076 14.7009 237.636 161.305 205.395 20.1766 108.639 87.9528 254.078 185.515 105.788 169.12 143.672 43.436 183.773 149.222 213.35 42.735 48.3927 110.246 96.4313 64.5383 190.377 124.948 184.982 144.114 130.79 159.058 215.004 35.6176 193.309 204.235 254.238 201.968 98.8343 199.724 171.583 0 146.584 178.689 229.656 170.497 179.04 97.147 
82.5656 86.6445 119.515 43.4193 82.7158 43.5259 27.2807 30.5548 124.399 106.966 84.2343 77.492 110.037 151.077 112.71 80.0233 82.0968 142.937 9.58044 72.8897 83.335 61.0328 69.0162 69.9673 82.6262 30.3858 96.4919 131.883 91.0515 39.5996 58.8107 146.072 182.918 162.232 107.494 38.9311 70.6656 31.3801 27.0799 103.148 65.4078 52.8039 72.746 103.849 98.1914 137.961 50.3966 134.536 94.2324 88.3973 38.398 60.6576 17.2868 33.9528 68.4195 136.89 46.7251 77.4794 107.654 93.2513 47.7498 53.1398 24.999 146.584 0 32.1049 83.0719 88.7088 44.892 106.509 
104.648 64.5617 97.4321 65.5022 104.799 75.6308 59.3856 62.6597 115.982 136.608 54.0256 45.387 87.9538 128.994 90.6348 47.9184 49.9919 120.854 36.4442 40.7848 81.3153 38.9499 91.099 61.1401 99.0286 1.7191 64.3869 163.988 58.9466 61.6825 26.7057 178.177 160.835 140.149 75.3891 46.6183 72.9014 9.56937 49.1627 135.253 87.4906 30.7211 94.8289 135.954 130.296 115.878 82.5016 114.151 116.315 66.3144 33.0961 38.5747 47.8985 19.6309 36.3145 168.995 14.6202 99.5623 75.5493 115.334 79.8548 69.27 23.3316 178.689 32.1049 0 75.4479 110.792 22.8091 84.4265 
47.2543 140.01 172.88 113.805 66.4541 126.598 110.353 113.627 177.764 187.575 21.4223 95.9963 163.402 204.442 166.075 33.6891 69.7911 196.302 87.4112 81.9162 5.86741 114.398 77.4534 123.332 149.996 76.7835 47.6805 214.955 59.6477 68.3511 93.8102 229.144 236.283 215.597 24.4221 44.1408 124.031 84.7451 85.9844 186.22 45.8835 106.169 19.381 186.921 181.263 191.326 133.469 187.901 40.8674 141.762 44.674 114.023 98.8655 87.3178 56.6903 219.962 81.1487 25.4207 35.8325 39.8862 130.822 29.9322 58.073 229.656 83.0719 75.4479 0 59.1591 98.257 159.874 
11.9048 175.353 208.224 54.6461 7.29501 122.9 67.5916 70.3949 213.108 195.675 60.3215 131.34 198.745 239.786 201.419 69.0329 105.135 231.646 79.1284 117.26 59.4221 149.742 19.6926 158.676 171.335 112.127 83.0243 164.606 94.9915 49.1092 129.154 183.165 271.627 250.941 83.5813 64.1734 159.374 120.089 61.629 130.367 23.3011 141.513 42.8533 136.746 133.567 226.67 74.3095 223.245 19.8801 177.106 77.6956 149.366 105.996 122.662 92.0341 198.606 116.492 33.7384 83.7414 31.4715 105.98 41.5217 87.46 170.497 88.7088 110.792 59.1591 0 133.601 195.218 
127.458 41.7525 74.623 88.3113 127.608 75.9822 66.0092 63.2059 116.333 136.96 76.8347 45.0356 65.1446 106.185 90.9862 64.5679 49.6404 104.615 54.4724 40.4334 104.124 26.2245 113.908 61.4915 99.38 21.4735 64.0355 164.34 58.5951 84.4916 26.3543 178.529 138.026 117.34 76.2354 69.4274 73.2529 13.5119 71.9719 135.604 110.3 29.8186 117.638 136.305 130.648 93.0693 82.853 114.502 139.124 54.0925 55.9052 34.926 48.25 19.9824 41.5667 169.347 17.1083 122.371 75.1979 138.143 80.2062 92.0791 46.1408 179.04 44.892 22.8091 98.257 133.601 0 81.8935 
189.075 65.7404 13.4232 149.929 189.225 72.318 127.627 124.823 34.4397 55.0664 138.452 126.929 61.8598 44.5678 9.0927 129.46 131.534 36.4276 116.09 122.327 165.742 108.118 175.526 36.5421 23.8832 83.0909 145.929 82.4461 140.489 146.109 108.248 96.6353 76.4084 55.7226 156.931 131.045 35.8437 75.1292 133.589 64.851 171.917 53.7054 179.255 58.472 61.6515 31.452 128.661 32.6086 200.742 27.801 117.523 46.9675 89.2226 72.5565 117.857 87.4532 96.1623 183.989 157.091 199.761 89.2385 153.696 107.758 97.147 106.509 84.4265 159.874 195.218 81.8935 0 
