70 70 71 140 
71 168.435 9.44795
72 87.6739 50.6998
73 138.465 88.8331
74 155.754 83.5798
75 43.8519 82.5729
76 162.787 32.0154
77 55.2183 85.3305
78 94.4862 99.6124
79 1.35873 9.63267
80 48.439 24.446
81 168.977 58.0944
82 107.109 13.6508
83 50.3403 75.5412
84 154.642 20.3787
85 109.87 18.5951
86 199.276 23.345
87 37.4371 5.14734
88 35.851 37.6029
89 63.5103 61.2602
90 183.528 52.5382
91 157.218 90.3172
92 7.93698 85.0634
93 64.8168 95.9256
94 89.5811 45.0666
95 59.97 34.463
96 171.762 51.7564
97 115.072 65.1252
98 183.365 35.5441
99 174.809 72.835
100 11.4466 94.5179
101 92.238 2.55825
102 172.397 38.6819
103 19.0305 1.6172
104 12.7761 2.48181
105 72.6627 34.246
106 22.0246 22.2096
107 96.4588 17.2599
108 75.8464 94.6775
109 32.9168 28.037
110 172.089 97.3401
111 30.7817 41.2963
112 127.432 91.2115
113 166.541 24.677
114 139.111 91.0679
115 70.0568 61.3123
116 127.922 3.41813
117 193.38 57.0268
118 135.684 36.2728
119 188.015 47.2292
120 98.8123 0
121 83.2185 95.8809
122 84.8823 48.1954
123 14.7124 96.0422
124 111.743 5.59972
125 150.926 68.4288
126 23.9598 97.5552
127 140.522 52.816
128 130.581 75.3449
129 185.213 100
130 130.119 10.3825
131 26.7233 53.7839
132 193.979 68.1841
133 150.439 35.2401
134 117.395 35.1119
135 119.185 43.2151
136 50.8451 40.9236
137 104.316 88.7904
138 68.9102 26.5832
139 161.255 14.433
140 158.472 21.0634
0 122.013 109.355 86.8129 197.708 28.2153 189.099 164.113 167.261 134.994 49.1878 65.5295 184.188 24.724 67.7127 44.7377 135.299 160.739 156.737 58.1829 92.0865 236.114 190.096 114.473 133.48 45.6356 109.041 41.0259 69.7612 242.059 83.0869 33.1953 157.235 162.625 120.571 159.172 79.7883 177.818 154.107 91.546 169.502 122.767 17.1233 110.944 150.243 46.543 72.5235 59.5759 57.3609 79.0708 171.65 122.3 240.317 60.5405 76.4906 232.583 71.2809 103.752 107.33 39.2506 186.048 84.2798 43.7879 76.7037 83.0172 149.066 143.462 116.66 12.1652 21.579 
122.013 0 88.9248 100.96 75.6951 93.7978 67.0863 55.7248 127.382 65.4887 88.6972 56.4837 62.1751 97.2891 54.3004 138.957 95.7893 64.9198 34.7241 97.6923 109.162 114.101 68.0829 7.54033 43.9408 85.145 41.8231 110.847 109.271 120.045 52.7056 96.7405 117.726 123.116 31.4651 94.1396 42.2248 55.8052 77.4199 131.055 66.2957 80.2699 104.89 91.805 28.2296 87.5298 112.033 62.4372 103.812 61.8382 49.6366 5.29603 118.304 69.1691 80.9807 110.569 54.9647 67.5517 146.839 82.7625 64.0347 123.789 78.2252 45.3094 38.9959 46.6051 54.7326 42.8803 109.848 100.434 
109.355 88.9248 0 22.5421 100.874 81.1396 86.7497 54.7586 216.307 154.414 61.2498 106.539 101.417 84.6309 98.8339 126.299 184.714 153.845 102.528 81.3574 20.2367 134.298 80.7411 92.6508 132.866 70.3737 47.1017 98.1886 52.3419 132.704 132.502 84.0823 206.651 212.041 120.39 183.064 113.58 68.4634 166.345 42.1306 155.221 13.4117 92.2316 2.88024 95.9294 95.9584 86.7207 55.3416 91.1534 128.486 62.2948 94.2208 130.962 109.956 32.8644 123.228 38.074 21.3731 57.9146 86.7969 146.791 76.1625 65.567 74.7913 64.8983 135.53 34.1922 131.805 97.1897 87.7759 
86.8129 100.96 22.5421 0 112.909 58.5976 102.287 77.3006 228.343 166.449 38.7077 118.575 113.452 64.3134 110.869 103.756 196.75 165.88 114.563 58.8153 8.20132 149.301 103.283 104.686 144.901 47.8316 59.1372 75.6465 29.7999 155.246 144.538 61.5403 218.686 224.076 132.425 195.1 125.615 91.0055 178.38 30.0952 167.256 35.9538 69.6896 24.1314 107.965 107.994 64.1786 67.3771 68.6113 140.522 84.8368 106.256 153.504 121.991 19.9796 145.77 45.9955 33.4085 45.8792 98.8324 158.827 53.6204 53.6544 86.8267 76.9338 147.565 56.6489 143.841 74.6477 65.2339 
197.708 75.6951 100.874 112.909 0 169.493 14.124 67.6737 115.433 62.7139 149.603 132.179 13.5201 172.984 129.996 214.652 83.8404 52.9709 40.9711 169.711 121.11 38.4055 34.3175 83.2355 64.228 158.727 88.6673 186.542 140.695 44.3503 128.401 172.436 105.777 111.167 77.1377 82.1907 117.92 44.0991 65.471 143.004 54.3468 92.2188 180.585 103.754 47.4655 163.225 175.074 138.132 179.507 137.533 52.6745 75.4079 42.6088 144.864 121.218 34.8744 126.427 93.9567 158.788 158.458 45.9177 164.516 153.92 121.005 114.691 48.6425 66.6815 81.048 185.543 176.129 
28.2153 93.7978 81.1396 58.5976 169.493 0 160.884 135.898 183.811 121.918 32.2681 74.0434 155.973 19.7823 66.3382 45.1589 152.218 132.524 128.522 41.2632 63.8711 207.898 161.881 86.2575 105.265 28.7159 80.8256 24.1062 52.8415 213.843 100.007 16.2756 174.155 179.545 92.3552 150.569 81.0841 149.603 133.849 74.6263 141.287 94.5513 11.092 82.7289 122.027 63.4627 55.6038 31.3606 40.4413 95.9905 143.434 94.085 212.102 77.4602 48.2753 204.367 43.0656 75.5362 90.4103 54.3012 157.833 67.3602 15.5726 48.4884 54.8019 120.85 115.246 99.3094 19.1149 15.2678 
189.099 67.0863 86.7497 102.287 14.124 160.884 0 53.5497 129.557 67.6639 140.994 123.57 14.6673 164.375 121.387 206.043 97.9644 67.095 32.3623 161.102 106.986 47.5484 20.1935 74.6267 55.6192 150.118 80.0585 177.933 132.086 52.9591 119.792 163.827 119.901 125.291 68.5289 96.3147 109.311 29.9751 79.5951 128.88 68.4709 78.0948 171.976 89.6299 38.8567 154.616 166.465 129.524 170.898 128.925 38.5505 66.7991 51.2176 136.255 112.609 43.4832 117.819 85.3479 144.664 149.849 60.0417 155.907 145.312 112.396 106.082 48.7802 52.5575 72.4392 176.934 167.52 
164.113 55.7248 54.7586 77.3006 67.6737 135.898 53.5497 0 183.107 121.214 116.008 98.584 68.217 139.389 96.4008 181.057 151.514 120.645 69.3281 136.116 72.027 101.098 33.3562 59.4509 99.6656 125.132 55.0726 152.947 107.101 88.134 99.3023 138.841 173.451 178.841 87.1899 149.864 84.3252 23.5746 133.145 79.8752 122.021 41.3469 146.99 53.1693 62.7294 129.63 141.479 104.538 145.912 103.939 14.9992 61.0209 83.3439 111.269 87.6229 72.5835 92.8326 60.3619 91.1146 124.863 113.591 130.921 120.326 87.4098 81.0963 102.33 20.6517 98.6052 151.948 142.535 
167.261 127.382 216.307 228.343 115.433 183.811 129.557 183.107 0 61.8936 216.08 109.768 114.89 164.029 117.473 211.63 40.5637 62.4625 113.779 225.075 236.544 82.009 149.751 123.656 83.4415 212.527 169.205 207.918 236.653 94.9731 97.9537 200.087 25.6872 18.5682 95.9172 33.2428 102.727 159.533 49.9624 258.438 61.0866 207.652 180.226 219.187 120.378 132.778 239.415 160.965 224.253 107.086 168.108 122.086 99.7633 114.417 208.363 110.524 182.347 194.934 274.222 129.51 69.5157 251.172 174.688 141.516 151.409 80.7773 182.115 84.502 164.697 168.544 
134.994 65.4887 154.414 166.449 62.7139 121.918 67.6639 121.214 61.8936 0 154.186 69.4649 52.9966 110.27 67.2816 151.938 30.3006 25.7448 51.8855 163.181 174.65 101.119 87.8573 61.7627 21.5479 150.634 107.312 146.024 174.759 107.064 65.6868 138.193 52.2373 57.6271 34.0236 28.6508 55.206 97.6389 19.1131 196.544 34.5075 145.759 118.333 157.294 58.4841 100.511 177.522 99.0719 162.359 74.8194 106.214 60.1927 105.323 82.1503 146.469 97.5883 120.453 133.04 212.328 95.7437 51.0535 189.278 112.795 79.6222 89.5152 18.8837 120.221 22.6084 122.829 113.415 
49.1878 88.6972 61.2498 38.7077 149.603 32.2681 140.994 116.008 216.08 154.186 0 106.311 136.083 52.0503 98.6062 65.0488 184.486 153.617 108.632 20.1076 43.9813 188.009 141.991 92.4232 132.638 9.12389 60.9358 36.9388 20.5735 193.953 132.275 22.8326 206.423 211.813 120.162 182.837 113.352 129.713 166.117 42.3582 154.993 74.6615 35.853 62.8391 102.138 95.7308 25.4709 55.114 29.9036 128.259 123.545 93.9932 192.212 109.728 28.3854 184.477 33.7325 55.6464 58.1422 86.5693 146.564 35.0921 41.3913 74.5637 64.6707 135.302 95.3566 131.578 51.3829 47.5359 
65.5295 56.4837 106.539 118.575 132.179 74.0434 123.57 98.584 109.768 69.4649 106.311 0 118.659 54.2612 7.70526 101.861 78.175 95.2097 91.2077 115.307 126.776 170.584 124.567 48.9433 67.9508 102.759 59.4374 98.1496 126.885 176.529 25.9632 90.319 100.112 105.502 55.0411 93.6428 14.2589 112.289 88.5779 148.67 103.972 97.8842 70.4585 109.419 84.7133 31.0461 129.647 51.1975 114.485 21.9471 106.12 56.7709 174.788 12.6854 98.595 167.053 72.579 85.166 164.454 26.2788 120.518 141.404 64.9202 31.7478 41.6408 83.5363 77.9323 51.1308 54.9286 58.7756 
184.188 62.1751 101.417 113.452 13.5201 155.973 14.6673 68.217 114.89 52.9966 136.083 118.659 0 159.464 116.475 201.132 83.2971 52.4277 27.451 156.191 121.654 51.9255 34.8607 69.7154 50.7079 145.207 75.1473 173.022 127.175 57.8704 114.881 158.916 105.234 110.624 63.6176 81.6474 104.4 44.6424 64.9278 143.548 53.8036 92.762 167.065 104.297 33.9454 149.705 161.554 124.612 165.987 124.013 53.2178 61.8879 56.1289 131.344 107.698 48.3944 112.907 80.4366 159.332 144.938 45.3745 150.996 140.4 107.484 101.171 35.1224 67.2248 67.5279 172.023 162.609 
24.724 97.2891 84.6309 64.3134 172.984 19.7823 164.375 139.389 164.029 110.27 52.0503 54.2612 159.464 0 46.5559 47.6003 132.436 136.015 132.013 61.0455 72.5147 211.39 165.372 89.7488 108.756 48.4982 84.3169 43.8885 72.6238 217.335 80.2243 36.0579 154.373 159.763 95.8465 134.448 61.3018 153.094 129.383 94.4086 144.778 98.0426 16.1973 86.2202 125.519 43.6804 75.3861 34.8519 60.2235 76.2082 146.926 97.5763 215.593 57.6779 51.7665 207.859 46.5569 79.0275 110.193 34.519 161.324 87.1424 19.0639 51.9797 58.2932 124.342 118.738 91.9362 12.5588 4.51445 
67.7127 54.3004 98.8339 110.869 129.996 66.3382 121.387 96.4008 117.473 67.2816 98.6062 7.70526 116.475 46.5559 0 94.1562 85.8802 93.0265 89.0245 107.601 119.071 168.401 122.383 46.7601 65.7676 95.0541 51.7321 90.4443 119.18 174.346 33.6684 82.6138 107.817 113.207 52.8579 91.4596 14.7459 110.106 86.3947 140.964 101.789 90.1789 62.7532 101.714 82.5301 33.2293 121.942 43.4922 106.779 29.6523 103.937 54.5876 172.604 14.8687 90.8897 164.87 64.8738 77.4608 156.748 28.4621 118.335 133.698 57.2149 24.0426 33.9355 81.3531 75.7491 48.9475 55.5475 51.0703 
44.7377 138.957 126.299 103.756 214.652 45.1589 206.043 181.057 211.63 151.938 65.0488 101.861 201.132 47.6003 94.1562 0 180.036 177.683 173.681 44.9412 109.03 253.057 207.04 131.416 150.424 55.9249 125.985 28.11 73.9566 259.002 127.825 42.2162 201.973 207.363 137.514 178.387 108.902 194.762 171.051 101.182 186.445 139.71 34.0669 127.888 167.186 91.2807 39.5778 76.5195 35.1452 123.809 188.593 139.244 257.261 105.278 93.4342 249.526 88.2245 120.695 90.7178 82.1193 202.991 50.1361 60.7316 93.6474 99.9608 166.009 160.405 133.604 46.9329 43.0859 
135.299 95.7893 184.714 196.75 83.8404 152.218 97.9644 151.514 40.5637 30.3006 184.486 78.175 83.2971 132.436 85.8802 180.036 0 34.0417 82.1861 193.482 204.951 109.416 118.158 92.0632 51.8485 180.934 137.612 176.325 205.06 115.361 57.39 168.494 21.9367 27.3265 64.3242 32.4748 71.1343 127.939 27.4099 226.845 42.8044 176.059 148.633 187.594 88.7847 92.2141 207.822 129.372 192.66 66.5226 136.515 90.4933 113.62 74.7582 176.77 105.885 150.754 163.341 242.629 97.9172 59.3504 219.579 143.095 109.923 119.816 49.1842 150.522 52.909 133.104 136.951 
160.739 64.9198 153.845 165.88 52.9709 132.524 67.095 120.645 62.4625 25.7448 153.617 95.2097 52.4277 136.015 93.0265 177.683 34.0417 0 51.3166 162.612 174.081 75.3745 87.2884 61.1938 27.2589 150.065 106.743 149.573 174.19 81.3194 91.4317 137.625 52.8062 58.196 40.1686 29.2197 80.9508 97.0701 12.5001 195.975 8.76268 145.19 143.616 156.725 57.9152 126.256 176.953 101.163 161.79 100.564 105.645 59.6238 79.5779 107.895 145.9 71.8434 119.885 132.472 211.759 121.489 25.3087 188.709 116.951 84.0354 88.9463 18.3148 119.652 44.0789 148.574 139.16 
156.737 34.7241 102.528 114.563 40.9711 128.522 32.3623 69.3281 113.779 51.8855 108.632 91.2077 27.451 132.013 89.0245 173.681 82.1861 51.3166 0 128.74 122.765 79.3765 35.9718 42.2644 30.3376 117.756 55.4263 145.571 122.874 85.3214 87.4297 131.465 104.123 109.513 36.1666 80.5364 76.9488 45.7534 63.8167 144.659 52.6925 93.8731 139.614 105.408 6.59862 122.254 134.103 97.1613 138.536 96.5623 54.3289 34.4369 83.5799 103.893 94.5839 75.8454 85.4563 81.155 160.443 117.487 44.2634 137.392 112.949 80.0334 73.72 33.0018 68.3359 40.0769 144.572 135.158 
58.1829 97.6923 81.3574 58.8153 169.711 41.2632 161.102 136.116 225.075 163.181 20.1076 115.307 156.191 61.0455 107.601 44.9412 193.482 162.612 128.74 0 64.0889 208.116 162.098 101.418 141.633 12.5473 81.0434 17.157 29.0154 214.061 141.27 24.9876 215.418 220.808 129.157 191.832 122.347 149.821 175.112 56.2407 163.988 94.7691 44.8482 82.9467 122.245 104.726 14.3406 64.1092 9.79601 137.254 143.652 102.988 212.319 118.723 48.493 204.585 43.2834 75.754 49.1471 95.5644 158.05 26.097 50.3864 83.5588 73.6658 144.297 115.464 140.573 60.3781 56.531 
92.0865 109.162 20.2367 8.20132 121.11 63.8711 106.986 72.027 236.544 174.65 43.9813 126.776 121.654 72.5147 119.071 109.03 204.951 174.081 122.765 64.0889 0 154.535 98.0096 112.888 153.102 53.1052 67.3385 80.9201 35.0735 149.972 152.739 66.8139 226.888 232.277 140.627 203.301 133.817 85.7319 186.581 21.8939 175.457 30.6802 74.9632 18.8578 116.166 116.195 69.4522 75.5784 73.8849 148.723 79.5632 114.458 148.231 130.193 28.1809 140.496 54.1968 41.6098 37.6778 107.034 167.028 58.894 61.8557 95.028 85.1351 155.767 54.4289 152.042 79.9213 70.5075 
236.114 114.101 134.298 149.301 38.4055 207.898 47.5484 101.098 82.009 101.119 188.009 170.584 51.9255 211.39 168.401 253.057 109.416 75.3745 79.3765 208.116 154.535 0 67.7419 121.641 102.633 197.132 127.073 224.947 179.101 12.9641 166.806 210.841 94.5397 87.4207 115.543 76.9414 156.325 77.5235 82.0063 176.429 66.6118 125.643 218.99 137.178 85.8709 201.63 213.479 176.538 217.912 175.939 86.099 113.813 17.7543 183.27 159.623 28.5146 164.833 132.362 192.213 196.863 50.0658 202.921 192.326 159.41 153.096 87.0479 100.106 119.453 223.949 214.535 
190.096 68.0829 80.7411 103.283 34.3175 161.881 20.1935 33.3562 149.751 87.8573 141.991 124.567 34.8607 165.372 122.383 207.04 118.158 87.2884 35.9718 162.098 98.0096 67.7419 0 75.6233 66.3094 151.115 81.0551 178.93 133.083 54.7778 120.789 164.823 140.095 145.484 69.5255 116.508 110.308 12.2777 99.7885 108.687 88.6643 67.3294 172.973 79.1518 39.8533 155.613 167.462 130.52 171.895 129.921 18.4464 67.7957 50.221 137.252 113.605 42.4866 118.815 86.3445 124.471 150.845 80.2352 156.904 146.308 113.392 107.079 68.9736 46.6343 73.4358 177.931 168.517 
114.473 7.54033 92.6508 104.686 83.2355 86.2575 74.6267 59.4509 123.656 61.7627 92.4232 48.9433 69.7154 89.7488 46.7601 131.416 92.0632 61.1938 42.2644 101.418 112.888 121.641 75.6233 0 40.2147 88.871 45.5491 103.306 112.997 127.586 45.1653 89.2002 114 119.39 27.739 90.4135 34.6845 63.3455 73.6939 134.781 62.5697 83.9959 97.3495 95.5311 35.77 79.9894 115.759 54.8969 100.596 54.2979 57.1769 7.82752 125.844 61.6288 84.7067 118.11 58.6908 71.2778 150.565 75.2222 71.5751 127.515 70.6849 37.7691 31.4556 42.879 58.4587 39.1543 102.308 92.8938 
133.48 43.9408 132.866 144.901 64.228 105.265 55.6192 99.6656 83.4415 21.5479 132.638 67.9508 50.7079 108.756 65.7676 150.424 51.8485 27.2589 30.3376 141.633 153.102 102.633 66.3094 40.2147 0 129.086 85.7639 124.476 153.211 108.578 64.1728 116.645 73.7852 79.175 12.9097 50.1988 53.6919 76.091 33.4792 174.996 36.0216 124.211 116.357 135.746 36.9362 98.9969 155.974 77.524 140.811 73.3053 84.6664 38.6448 106.837 80.6362 124.921 99.1024 98.9055 111.493 190.78 94.2296 52.5676 167.73 91.2467 58.0743 67.9673 15.5855 98.6734 16.82 121.315 111.901 
45.6356 85.145 70.3737 47.8316 158.727 28.7159 150.118 125.132 212.527 150.634 9.12389 102.759 145.207 48.4982 95.0541 55.9249 180.934 150.065 117.756 12.5473 53.1052 197.132 151.115 88.871 129.086 0 70.0597 27.8149 24.1256 203.077 128.722 13.7087 202.871 208.261 116.61 179.285 109.8 138.837 162.565 45.9104 151.441 83.7854 32.3009 71.963 111.262 92.1786 26.8879 51.5618 20.7797 124.706 132.668 90.441 201.336 106.176 37.5093 193.601 32.2997 64.7703 61.6944 83.0171 147.067 38.6443 37.8391 71.0115 61.1185 131.75 104.481 128.025 47.8308 43.9837 
109.041 41.8231 47.1017 59.1372 88.6673 80.8256 80.0585 55.0726 169.205 107.312 60.9358 59.4374 75.1473 84.3169 51.7321 125.985 137.612 106.743 55.4263 81.0434 67.3385 127.073 81.0551 45.5491 85.7639 70.0597 0 97.8746 67.4476 133.018 85.4005 83.7683 159.549 164.939 73.2882 135.963 66.478 68.7774 119.243 89.2323 108.119 38.4468 91.9176 49.982 48.8277 74.5576 86.4067 49.465 90.8394 81.3845 62.6088 47.1191 131.276 62.8541 39.1576 123.542 37.76 25.7287 105.016 69.7903 99.6897 81.9662 65.253 32.3372 26.0237 88.4281 34.4208 84.7034 96.8757 87.4619 
41.0259 110.847 98.1886 75.6465 186.542 24.1062 177.933 152.947 207.918 146.024 36.9388 98.1496 173.022 43.8885 90.4443 28.11 176.325 149.573 145.571 17.157 80.9201 224.947 178.93 103.306 124.476 27.8149 97.8746 0 45.8466 230.892 124.113 14.1062 198.261 203.651 112 174.675 105.19 166.652 157.955 73.072 158.336 111.6 27.6912 99.7779 139.076 87.5689 31.4976 48.4095 16.3351 120.097 160.483 111.134 229.151 101.566 65.3242 221.416 60.1146 92.5852 66.3041 78.4074 174.882 43.254 33.2294 66.4018 71.8509 137.899 132.295 123.416 43.2211 39.374 
69.7612 109.271 52.3419 29.7999 140.695 52.8415 132.086 107.101 236.653 174.759 20.5735 126.885 127.175 72.6238 119.18 73.9566 205.06 174.19 122.874 29.0154 35.0735 179.101 133.083 112.997 153.211 24.1256 67.4476 45.8466 0 185.046 152.848 36.5659 226.997 232.386 140.736 203.41 133.926 120.805 186.691 27.2253 175.566 65.7536 56.4265 53.9312 116.275 116.304 34.3788 75.6875 38.8114 148.832 114.637 114.567 183.304 130.302 28.29 175.57 54.3059 46.7386 37.5687 107.143 167.137 23.8205 61.9648 95.1371 85.2442 155.876 86.4488 152.151 71.9564 68.1094 
242.059 120.045 132.704 155.246 44.3503 213.843 52.9591 88.134 94.9731 107.064 193.953 176.529 57.8704 217.335 174.346 259.002 115.361 81.3194 85.3214 214.061 149.972 12.9641 54.7778 127.586 108.578 203.077 133.018 230.892 185.046 0 172.751 216.786 100.485 93.3656 121.488 82.8863 162.27 64.5594 87.9512 163.465 72.5567 119.292 224.935 131.114 91.8158 207.575 219.424 182.483 223.857 181.884 73.1348 119.758 4.79016 189.215 165.568 15.5505 170.778 138.307 179.249 202.808 56.0107 208.866 198.271 165.355 159.041 92.9928 98.5968 125.398 229.893 220.48 
83.0869 52.7056 132.502 144.538 128.401 100.007 119.792 99.3023 97.9537 65.6868 132.275 25.9632 114.881 80.2243 33.6684 127.825 57.39 91.4317 87.4297 141.27 152.739 166.806 120.789 45.1653 64.1728 128.722 85.4005 124.113 152.848 172.751 0 116.282 74.1486 79.5384 51.263 89.8648 18.9225 108.511 84.7999 174.633 100.194 123.847 96.4216 135.383 80.9353 36.5439 155.61 77.1606 140.448 9.13258 102.342 52.9928 171.01 22.5464 124.558 163.275 98.5422 111.129 190.417 45.7053 116.74 167.367 90.8833 57.711 67.6039 79.7583 98.3101 47.3527 80.8917 84.7388 
33.1953 96.7405 84.0823 61.5403 172.436 16.2756 163.827 138.841 200.087 138.193 22.8326 90.319 158.916 36.0579 82.6138 42.2162 168.494 137.625 131.465 24.9876 66.8139 210.841 164.823 89.2002 116.645 13.7087 83.7683 14.1062 36.5659 216.786 116.282 0 190.431 195.821 104.17 166.844 97.3597 152.546 150.125 58.9657 144.229 97.494 19.8606 85.6716 124.97 79.7383 39.3282 39.1215 24.1657 112.266 146.377 97.0277 215.044 93.7358 51.218 207.31 46.0083 78.479 74.1347 70.5768 160.775 51.0846 25.3988 58.5712 57.7446 123.793 118.189 115.585 35.3905 31.5434 
157.235 117.726 206.651 218.686 105.777 174.155 119.901 173.451 25.6872 52.2373 206.423 100.112 105.234 154.373 107.817 201.973 21.9367 52.8062 104.123 215.418 226.888 94.5397 140.095 114 73.7852 202.871 159.549 198.261 226.997 100.485 74.1486 190.431 0 7.11903 86.2609 23.5864 93.0711 149.876 40.3061 248.781 51.4303 197.996 170.57 209.531 110.721 110.692 229.759 151.309 214.596 81.399 158.452 112.43 98.7431 96.695 198.707 100.867 172.691 185.278 264.565 119.854 59.8594 241.515 165.032 131.86 141.753 71.121 172.459 74.8457 155.04 158.887 
162.625 123.116 212.041 224.076 111.167 179.545 125.291 178.841 18.5682 57.6271 211.813 105.502 110.624 159.763 113.207 207.363 27.3265 58.196 109.513 220.808 232.277 87.4207 145.484 119.39 79.175 208.261 164.939 203.651 232.386 93.3656 79.5384 195.821 7.11903 0 91.6507 28.9763 98.4609 155.266 45.6959 254.171 56.8201 203.386 175.96 214.921 116.111 116.082 235.149 156.699 219.986 88.5181 163.841 117.82 95.4968 102.085 204.096 106.257 178.081 190.668 269.955 125.244 65.2492 246.905 170.422 137.249 147.142 76.5108 177.848 80.2355 160.43 164.277 
120.571 31.4651 120.39 132.425 77.1377 92.3552 68.5289 87.1899 95.9172 34.0236 120.162 55.0411 63.6176 95.8465 52.8579 137.514 64.3242 40.1686 36.1666 129.157 140.627 115.543 69.5255 27.739 12.9097 116.61 73.2882 112 140.736 121.488 51.263 104.17 86.2609 91.6507 0 62.6745 40.7822 63.6153 45.9549 162.521 48.9313 111.735 103.447 123.27 29.6722 86.0872 143.498 65.0483 128.335 60.3956 72.1907 26.1691 119.747 67.7265 112.446 112.012 86.4298 99.0168 178.304 81.3199 65.4773 155.254 78.771 45.5986 55.4916 28.4952 86.1977 11.4152 108.405 98.9916 
159.172 94.1396 183.064 195.1 82.1907 150.569 96.3147 149.864 33.2428 28.6508 182.837 93.6428 81.6474 134.448 91.4596 178.387 32.4748 29.2197 80.5364 191.832 203.301 76.9414 116.508 90.4135 50.1988 179.285 135.963 174.675 203.41 82.8863 89.8648 166.844 23.5864 28.9763 62.6745 0 79.3839 126.29 16.7196 225.195 27.8438 174.409 146.984 185.945 87.135 124.689 206.172 127.723 191.01 98.9973 134.865 88.8435 81.1448 106.328 175.12 77.2809 149.104 161.691 240.979 119.922 36.273 217.929 141.445 108.273 118.166 47.5345 148.872 51.2593 147.007 137.593 
79.7883 42.2248 113.58 125.615 117.92 81.0841 109.311 84.3252 102.727 55.206 113.352 14.2589 104.4 61.3018 14.7459 108.902 71.1343 80.9508 76.9488 122.347 133.817 156.325 110.308 34.6845 53.6919 109.8 66.478 105.19 133.926 162.27 18.9225 97.3597 93.0711 98.4609 40.7822 79.3839 0 98.03 74.3191 155.71 89.7135 104.925 77.4991 116.46 70.4544 45.305 136.688 58.2381 121.525 19.6134 91.8614 42.512 160.529 26.9443 105.636 152.794 79.6197 92.2067 171.494 40.5377 106.26 148.444 71.9608 38.7885 48.6814 69.2774 79.3876 36.8719 67.6231 65.8163 
177.818 55.8052 68.4634 91.0055 44.0991 149.603 29.9751 23.5746 159.533 97.6389 129.713 112.289 44.6424 153.094 110.106 194.762 127.939 97.0701 45.7534 149.821 85.7319 77.5235 12.2777 63.3455 76.091 138.837 68.7774 166.652 120.805 64.5594 108.511 152.546 149.876 155.266 63.6153 126.29 98.03 0 109.57 98.9052 98.4459 55.0517 160.695 66.8741 39.1548 143.335 155.184 118.242 159.617 117.643 8.57542 55.518 62.4987 124.974 101.328 54.7643 106.537 74.0668 114.689 138.568 90.0168 144.626 134.03 101.115 94.8011 78.7553 34.3566 75.0305 165.653 156.239 
154.107 77.4199 166.345 178.38 65.471 133.849 79.5951 133.145 49.9624 19.1131 166.117 88.5779 64.9278 129.383 86.3947 171.051 27.4099 12.5001 63.8167 175.112 186.581 82.0063 99.7885 73.6939 33.4792 162.565 119.243 157.955 186.691 87.9512 84.7999 150.125 40.3061 45.6959 45.9549 16.7196 74.3191 109.57 0 208.475 15.3945 157.69 136.984 169.225 70.4153 119.624 189.453 111.003 174.29 93.9325 118.146 72.1239 86.2096 101.263 158.401 78.4752 132.385 144.972 224.259 114.857 31.9405 201.209 124.726 91.5535 101.446 30.8149 132.153 37.4472 141.942 132.528 
91.546 131.055 42.1306 30.0952 143.004 74.6263 128.88 79.8752 258.438 196.544 42.3582 148.67 143.548 94.4086 140.964 101.182 226.845 195.975 144.659 56.2407 21.8939 176.429 108.687 134.781 174.996 45.9104 89.2323 73.072 27.2253 163.465 174.633 58.9657 248.781 254.171 162.521 225.195 155.71 98.9052 208.475 0 197.351 50.7855 78.2113 39.2504 138.06 138.089 61.6041 97.4722 66.0368 170.617 90.3298 136.351 158.674 152.086 50.0748 148.344 76.0907 63.5037 15.784 128.928 188.922 51.0459 83.7495 116.922 107.029 177.66 76.3228 173.936 93.7412 89.8941 
169.502 66.2957 155.221 167.256 54.3468 141.287 68.4709 122.021 61.0866 34.5075 154.993 103.972 53.8036 144.778 101.789 186.445 42.8044 8.76268 52.6925 163.988 175.457 66.6118 88.6643 62.5697 36.0216 151.441 108.119 158.336 175.566 72.5567 100.194 144.229 51.4303 56.8201 48.9313 27.8438 89.7135 98.4459 15.3945 197.351 0 146.566 152.379 158.101 59.2911 135.019 178.329 109.926 163.166 109.327 107.021 60.9997 70.8152 116.658 147.276 63.0808 121.26 133.847 213.135 130.251 16.546 190.085 125.714 92.7981 90.3222 20.4361 121.028 52.8416 157.337 147.923 
122.767 80.2699 13.4117 35.9538 92.2188 94.5513 78.0948 41.3469 207.652 145.759 74.6615 97.8842 92.762 98.0426 90.1789 139.71 176.059 145.19 93.8731 94.7691 30.6802 125.643 67.3294 83.9959 124.211 83.7854 38.4468 111.6 65.7536 119.292 123.847 97.494 197.996 203.386 111.735 174.409 104.925 55.0517 157.69 50.7855 146.566 0 105.643 11.8224 87.2745 88.2833 100.132 63.1907 104.565 119.831 48.8831 85.5659 117.55 101.301 46.2761 109.816 51.4857 19.0151 66.5695 83.516 138.136 89.5742 78.9787 66.1364 56.2434 126.875 25.5372 123.15 110.601 101.188 
17.1233 104.89 92.2316 69.6896 180.585 11.092 171.976 146.99 180.226 118.333 35.853 70.4585 167.065 16.1973 62.7532 34.0669 148.633 143.616 139.614 44.8482 74.9632 218.99 172.973 97.3495 116.357 32.3009 91.9176 27.6912 56.4265 224.935 96.4216 19.8606 170.57 175.96 103.447 146.984 77.4991 160.695 136.984 78.2113 152.379 105.643 0 93.8209 133.119 59.8777 59.1888 42.4526 44.0262 92.4055 154.526 105.177 223.194 73.8752 59.3673 215.459 54.1576 86.6283 93.9952 50.7163 168.925 70.9451 26.6646 59.5804 65.8939 131.942 126.338 99.5369 15.5299 11.6828 
110.944 91.805 2.88024 24.1314 103.754 82.7289 89.6299 53.1693 219.187 157.294 62.8391 109.419 104.297 86.2202 101.714 127.888 187.594 156.725 105.408 82.9467 18.8578 137.178 79.1518 95.5311 135.746 71.963 49.982 99.7779 53.9312 131.114 135.383 85.6716 209.531 214.921 123.27 185.945 116.46 66.8741 169.225 39.2504 158.101 11.8224 93.8209 0 98.8096 98.8386 88.31 58.2219 92.7427 131.366 60.7055 97.1011 129.373 112.836 34.4536 121.638 39.6633 24.2533 55.0343 89.6772 149.672 77.7518 67.1563 77.6715 67.7786 138.41 37.0724 134.685 98.779 89.3652 
150.243 28.2296 95.9294 107.965 47.4655 122.027 38.8567 62.7294 120.378 58.4841 102.138 84.7133 33.9454 125.519 82.5301 167.186 88.7847 57.9152 6.59862 122.245 116.166 85.8709 39.8533 35.77 36.9362 111.262 48.8277 139.076 116.275 91.8158 80.9353 124.97 110.721 116.111 29.6722 87.135 70.4544 39.1548 70.4153 138.06 59.2911 87.2745 133.119 98.8096 0 115.759 127.609 90.6669 132.041 90.0679 47.7302 27.9425 90.0743 97.3987 87.9853 82.3398 78.9619 74.5563 153.844 110.992 50.862 130.794 106.455 73.539 67.2256 39.6005 61.7372 35.8757 138.078 128.664 
46.543 87.5298 95.9584 107.994 163.225 63.4627 154.616 129.63 132.778 100.511 95.7308 31.0461 149.705 43.6804 33.2293 91.2807 92.2141 126.256 122.254 104.726 116.195 201.63 155.613 79.9894 98.9969 92.1786 74.5576 87.5689 116.304 207.575 36.5439 79.7383 110.692 116.082 86.0872 124.689 45.305 143.335 119.624 138.089 135.019 88.2833 59.8777 98.8386 115.759 0 119.066 40.6167 103.904 32.5278 137.166 87.817 205.834 18.3607 88.0142 198.099 61.9983 74.5853 153.873 9.16144 151.565 130.823 54.3394 42.2204 48.5339 114.582 108.978 82.1769 44.3478 48.1949 
72.5235 112.033 86.7207 64.1786 175.074 55.6038 166.465 141.479 239.415 177.522 25.4709 129.647 161.554 75.3861 121.942 39.5778 207.822 176.953 134.103 14.3406 69.4522 213.479 167.462 115.759 155.974 26.8879 86.4067 31.4976 34.3788 219.424 155.61 39.3282 229.759 235.149 143.498 206.172 136.688 155.184 189.453 61.6041 178.329 100.132 59.1888 88.31 127.609 119.066 0 78.4497 15.1625 151.594 149.015 117.329 217.683 133.064 53.8563 209.948 57.0682 81.1173 51.1399 109.905 169.9 11.7564 64.727 97.8994 88.0064 158.638 120.828 154.913 74.7187 70.8716 
59.5759 62.4372 55.3416 67.3771 138.132 31.3606 129.524 104.538 160.965 99.0719 55.114 51.1975 124.612 34.8519 43.4922 76.5195 129.372 101.163 97.1613 64.1092 75.5784 176.538 130.52 54.8969 77.524 51.5618 49.465 48.4095 75.6875 182.483 77.1606 39.1215 151.309 156.699 65.0483 127.723 58.2381 118.242 111.003 97.4722 109.926 63.1907 42.4526 58.2219 90.6669 40.6167 78.4497 0 63.2872 73.1446 112.074 62.7244 180.741 54.6142 47.3975 173.007 21.3815 44.1757 113.256 31.4553 126.472 90.2061 15.788 19.4497 23.4413 89.4899 83.8859 76.4635 47.4107 37.9969 
57.3609 103.812 91.1534 68.6113 179.507 40.4413 170.898 145.912 224.253 162.359 29.9036 114.485 165.987 60.2235 106.779 35.1452 192.66 161.79 138.536 9.79601 73.8849 217.912 171.895 100.596 140.811 20.7797 90.8394 16.3351 38.8114 223.857 140.448 24.1657 214.596 219.986 128.335 191.01 121.525 159.617 174.29 66.0368 163.166 104.565 44.0262 92.7427 132.041 103.904 15.1625 63.2872 0 136.432 153.448 104.099 222.116 117.901 58.289 214.381 53.0794 85.55 55.5726 94.7425 167.846 26.9189 49.5645 82.7369 72.8439 143.475 125.26 139.751 59.5561 55.7091 
79.0708 61.8382 128.486 140.522 137.533 95.9905 128.925 103.939 107.086 74.8194 128.259 21.9471 124.013 76.2082 29.6523 123.809 66.5226 100.564 96.5623 137.254 148.723 175.939 129.921 54.2979 73.3053 124.706 81.3845 120.097 148.832 181.884 9.13258 112.266 81.399 88.5181 60.3956 98.9973 19.6134 117.643 93.9325 170.617 109.327 119.831 92.4055 131.366 90.0679 32.5278 151.594 73.1446 136.432 0 111.475 62.1254 180.142 18.5303 120.542 172.408 94.5261 107.113 186.401 41.6893 125.873 163.351 86.8673 53.6949 63.5879 88.8908 94.294 56.4853 76.8756 80.7227 
171.65 49.6366 62.2948 84.8368 52.6745 143.434 38.5505 14.9992 168.108 106.214 123.545 106.12 53.2178 146.926 103.937 188.593 136.515 105.645 54.3289 143.652 79.5632 86.099 18.4464 57.1769 84.6664 132.668 62.6088 160.483 114.637 73.1348 102.342 146.377 158.452 163.841 72.1907 134.865 91.8614 8.57542 118.146 90.3298 107.021 48.8831 154.526 60.7055 47.7302 137.166 149.015 112.074 153.448 111.475 0 49.3494 68.6674 118.806 95.1591 60.9329 100.369 67.8981 106.114 132.399 98.5922 138.457 127.862 94.946 88.6325 87.3307 28.1879 83.606 159.484 150.071 
122.3 5.29603 94.2208 106.256 75.4079 94.085 66.7991 61.0209 122.086 60.1927 93.9932 56.7709 61.8879 97.5763 54.5876 139.244 90.4933 59.6238 34.4369 102.988 114.458 113.813 67.7957 7.82752 38.6448 90.441 47.1191 111.134 114.567 119.758 52.9928 97.0277 112.43 117.82 26.1691 88.8435 42.512 55.518 72.1239 136.351 60.9997 85.5659 105.177 97.1011 27.9425 87.817 117.329 62.7244 104.099 62.1254 49.3494 0 118.017 69.4563 86.2767 110.282 60.2607 72.8478 152.135 83.0497 63.7475 129.085 78.5124 45.5966 39.2831 41.309 60.0287 37.5843 110.135 100.721 
240.317 118.304 130.962 153.504 42.6088 212.102 51.2176 83.3439 99.7633 105.323 192.212 174.788 56.1289 215.593 172.604 257.261 113.62 79.5779 83.5799 212.319 148.231 17.7543 50.221 125.844 106.837 201.336 131.276 229.151 183.304 4.79016 171.01 215.044 98.7431 95.4968 119.747 81.1448 160.529 62.4987 86.2096 158.674 70.8152 117.55 223.194 129.373 90.0743 205.834 217.683 180.741 222.116 180.142 68.6674 118.017 0 187.473 163.826 10.7603 169.036 136.565 174.458 201.066 54.2692 207.125 196.529 163.613 157.3 91.2513 96.8553 123.657 228.152 218.738 
60.5405 69.1691 109.956 121.991 144.864 77.4602 136.255 111.269 114.417 82.1503 109.728 12.6854 131.344 57.6779 14.8687 105.278 74.7582 107.895 103.893 118.723 130.193 183.27 137.252 61.6288 80.6362 106.176 62.8541 101.566 130.302 189.215 22.5464 93.7358 96.695 102.085 67.7265 106.328 26.9443 124.974 101.263 152.086 116.658 101.301 73.8752 112.836 97.3987 18.3607 133.064 54.6142 117.901 18.5303 118.806 69.4563 187.473 0 102.012 179.739 75.9958 88.5828 167.87 23.1589 133.204 144.82 68.3369 35.1646 45.0575 96.2217 90.6177 63.8162 58.3453 62.1924 
76.4906 80.9807 32.8644 19.9796 121.218 48.2753 112.609 87.6229 208.363 146.469 28.3854 98.595 107.698 51.7665 90.8897 93.4342 176.77 145.9 94.5839 48.493 28.1809 159.623 113.605 84.7067 124.921 37.5093 39.1576 65.3242 28.29 165.568 124.558 51.218 198.707 204.096 112.446 175.12 105.636 101.328 158.401 50.0748 147.276 46.2761 59.3673 34.4536 87.9853 88.0142 53.8563 47.3975 58.289 120.542 95.1591 86.2767 163.826 102.012 0 156.092 26.0159 27.261 65.8587 78.8528 138.847 43.2981 33.6748 66.8471 56.9542 127.586 66.9712 123.861 64.3254 54.9116 
232.583 110.569 123.228 145.77 34.8744 204.367 43.4832 72.5835 110.524 97.5883 184.477 167.053 48.3944 207.859 164.87 249.526 105.885 71.8434 75.8454 204.585 140.496 28.5146 42.4866 118.11 99.1024 193.601 123.542 221.416 175.57 15.5505 163.275 207.31 100.867 106.257 112.012 77.2809 152.794 54.7643 78.4752 148.344 63.0808 109.816 215.459 121.638 82.3398 198.099 209.948 173.007 214.381 172.408 60.9329 110.282 10.7603 179.739 156.092 0 161.302 128.831 163.698 193.332 46.5348 199.39 188.795 155.879 149.565 83.5169 89.1208 115.922 220.417 211.004 
71.2809 54.9647 38.074 45.9955 126.427 43.0656 117.819 92.8326 182.347 120.453 33.7325 72.579 112.907 46.5569 64.8738 88.2245 150.754 119.885 85.4563 43.2834 54.1968 164.833 118.815 58.6908 98.9055 32.2997 37.76 60.1146 54.3059 170.778 98.5422 46.0083 172.691 178.081 86.4298 149.104 79.6197 106.537 132.385 76.0907 121.26 51.4857 54.1576 39.6633 78.9619 61.9983 57.0682 21.3815 53.0794 94.5261 100.369 60.2607 169.036 75.9958 26.0159 161.302 0 32.4706 91.8747 52.8368 114.767 68.8246 27.493 40.8312 30.9382 101.57 72.1809 97.845 59.1157 49.7019 
103.752 67.5517 21.3731 33.4085 93.9567 75.5362 85.3479 60.3619 194.934 133.04 55.6464 85.166 80.4366 79.0275 77.4608 120.695 163.341 132.472 81.155 75.754 41.6098 132.362 86.3445 71.2778 111.493 64.7703 25.7287 92.5852 46.7386 138.307 111.129 78.479 185.278 190.668 99.0168 161.691 92.2067 74.0668 144.972 63.5037 133.847 19.0151 86.6283 24.2533 74.5563 74.5853 81.1173 44.1757 85.55 107.113 67.8981 72.8478 136.565 88.5828 27.261 128.831 32.4706 0 79.2876 65.4239 125.418 70.5591 59.9636 53.4182 43.5253 114.157 39.7102 110.432 91.5864 82.1726 
107.33 146.839 57.9146 45.8792 158.788 90.4103 144.664 91.1146 274.222 212.328 58.1422 164.454 159.332 110.193 156.748 90.7178 242.629 211.759 160.443 49.1471 37.6778 192.213 124.471 150.565 190.78 61.6944 105.016 66.3041 37.5687 179.249 190.417 74.1347 264.565 269.955 178.304 240.979 171.494 114.689 224.259 15.784 213.135 66.5695 93.9952 55.0343 153.844 153.873 51.1399 113.256 55.5726 186.401 106.114 152.135 174.458 167.87 65.8587 163.698 91.8747 79.2876 0 144.712 204.706 40.5817 99.5335 132.706 122.813 193.444 92.1068 189.72 109.525 105.678 
39.2506 82.7625 86.7969 98.8324 158.458 54.3012 149.849 124.863 129.51 95.7437 86.5693 26.2788 144.938 34.519 28.4621 82.1193 97.9172 121.489 117.487 95.5644 107.034 196.863 150.845 75.2222 94.2296 83.0171 69.7903 78.4074 107.143 202.808 45.7053 70.5768 119.854 125.244 81.3199 119.922 40.5377 138.568 114.857 128.928 130.251 83.516 50.7163 89.6772 110.992 9.16144 109.905 31.4553 94.7425 41.6893 132.399 83.0497 201.066 23.1589 78.8528 193.332 52.8368 65.4239 144.712 0 146.797 121.661 45.178 37.4531 43.7666 109.815 104.211 77.4096 35.1864 39.0334 
186.048 64.0347 146.791 158.827 45.9177 157.833 60.0417 113.591 69.5157 51.0535 146.564 120.518 45.3745 161.324 118.335 202.991 59.3504 25.3087 44.2634 158.05 167.028 50.0658 80.2352 71.5751 52.5676 147.067 99.6897 174.882 167.137 56.0107 116.74 160.775 59.8594 65.2492 65.4773 36.273 106.26 90.0168 31.9405 188.922 16.546 138.136 168.925 149.672 50.862 151.565 169.9 126.472 167.846 125.873 98.5922 63.7475 54.2692 133.204 138.847 46.5348 114.767 125.418 204.706 146.797 0 181.656 142.26 109.344 103.031 36.9821 112.599 69.3876 173.883 164.469 
84.2798 123.789 76.1625 53.6204 164.516 67.3602 155.907 130.921 251.172 189.278 35.0921 141.404 150.996 87.1424 133.698 50.1361 219.579 188.709 137.392 26.097 58.894 202.921 156.904 127.515 167.73 38.6443 81.9662 43.254 23.8205 208.866 167.367 51.0846 241.515 246.905 155.254 217.929 148.444 144.626 201.209 51.0459 190.085 89.5742 70.9451 77.7518 130.794 130.823 11.7564 90.2061 26.9189 163.351 138.457 129.085 207.125 144.82 43.2981 199.39 68.8246 70.5591 40.5817 121.661 181.656 0 76.4834 109.656 99.7628 170.394 110.269 166.67 86.475 82.628 
43.7879 78.2252 65.567 53.6544 153.92 15.5726 145.312 120.326 174.688 112.795 41.3913 64.9202 140.4 19.0639 57.2149 60.7316 143.095 116.951 112.949 50.3864 61.8557 192.326 146.308 70.6849 91.2467 37.8391 65.253 33.2294 61.9648 198.271 90.8833 25.3988 165.032 170.422 78.771 141.445 71.9608 134.03 124.726 83.7495 125.714 78.9787 26.6646 67.1563 106.455 54.3394 64.727 15.788 49.5645 86.8673 127.862 78.5124 196.529 68.3369 33.6748 188.795 27.493 59.9636 99.5335 45.178 142.26 76.4834 0 33.1724 39.2293 105.278 99.6738 90.1862 31.6227 22.2089 
76.7037 45.3094 74.7913 86.8267 121.005 48.4884 112.396 87.4098 141.516 79.6222 74.5637 31.7478 107.484 51.9797 24.0426 93.6474 109.923 84.0354 80.0334 83.5588 95.028 159.41 113.392 37.7691 58.0743 71.0115 32.3372 66.4018 95.1371 165.355 57.711 58.5712 131.86 137.249 45.5986 108.273 38.7885 101.115 91.5535 116.922 92.7981 66.1364 59.5804 77.6715 73.539 42.2204 97.8994 19.4497 82.7369 53.6949 94.946 45.5966 163.613 35.1646 66.8471 155.879 40.8312 53.4182 132.706 37.4531 109.344 109.656 33.1724 0 9.89296 72.362 66.758 57.0138 64.5385 55.1247 
83.0172 38.9959 64.8983 76.9338 114.691 54.8019 106.082 81.0963 151.409 89.5152 64.6707 41.6408 101.171 58.2932 33.9355 99.9608 119.816 88.9463 73.72 73.6658 85.1351 153.096 107.079 31.4556 67.9673 61.1185 26.0237 71.8509 85.2442 159.041 67.6039 57.7446 141.753 147.142 55.4916 118.166 48.6814 94.8011 101.446 107.029 90.3222 56.2434 65.8939 67.7786 67.2256 48.5339 88.0064 23.4413 72.8439 63.5879 88.6325 39.2831 157.3 45.0575 56.9542 149.565 30.9382 43.5253 122.813 43.7666 103.031 99.7628 39.2293 9.89296 0 70.6315 60.4446 66.9068 70.852 61.4382 
149.066 46.6051 135.53 147.565 48.6425 120.85 48.7802 102.33 80.7773 18.8837 135.302 83.5363 35.1224 124.342 81.3531 166.009 49.1842 18.3148 33.0018 144.297 155.767 87.0479 68.9736 42.879 15.5855 131.75 88.4281 137.899 155.876 92.9928 79.7583 123.793 71.121 76.5108 28.4952 47.5345 69.2774 78.7553 30.8149 177.66 20.4361 126.875 131.942 138.41 39.6005 114.582 158.638 89.4899 143.475 88.8908 87.3307 41.309 91.2513 96.2217 127.586 83.5169 101.57 114.157 193.444 109.815 36.9821 170.394 105.278 72.362 70.6315 0 101.338 32.4055 136.901 127.487 
143.462 54.7326 34.1922 56.6489 66.6815 115.246 52.5575 20.6517 182.115 120.221 95.3566 77.9323 67.2248 118.738 75.7491 160.405 150.522 119.652 68.3359 115.464 54.4289 100.106 46.6343 58.4587 98.6734 104.481 34.4208 132.295 86.4488 98.5968 98.3101 118.189 172.459 177.848 86.1977 148.872 79.3876 34.3566 132.153 76.3228 121.028 25.5372 126.338 37.0724 61.7372 108.978 120.828 83.8859 125.26 94.294 28.1879 60.0287 96.8553 90.6177 66.9712 89.1208 72.1809 39.7102 92.1068 104.211 112.599 110.269 99.6738 66.758 60.4446 101.338 0 97.613 131.297 121.883 
116.66 42.8803 131.805 143.841 81.048 99.3094 72.4392 98.6052 84.502 22.6084 131.578 51.1308 67.5279 91.9362 48.9475 133.604 52.909 44.0789 40.0769 140.573 152.042 119.453 73.4358 39.1543 16.82 128.025 84.7034 123.416 152.151 125.398 47.3527 115.585 74.8457 80.2355 11.4152 51.2593 36.8719 75.0305 37.4472 173.936 52.8416 123.15 99.5369 134.685 35.8757 82.1769 154.913 76.4635 139.751 56.4853 83.606 37.5843 123.657 63.8162 123.861 115.922 97.845 110.432 189.72 77.4096 69.3876 166.67 90.1862 57.0138 66.9068 32.4055 97.613 0 104.495 95.0812 
12.1652 109.848 97.1897 74.6477 185.543 19.1149 176.934 151.948 164.697 122.829 51.3829 54.9286 172.023 12.5588 55.5475 46.9329 133.104 148.574 144.572 60.3781 79.9213 223.949 177.931 102.308 121.315 47.8308 96.8757 43.2211 71.9564 229.893 80.8917 35.3905 155.04 160.43 108.405 147.007 67.6231 165.653 141.942 93.7412 157.337 110.601 15.5299 98.779 138.078 44.3478 74.7187 47.4107 59.5561 76.8756 159.484 110.135 228.152 58.3453 64.3254 220.417 59.1157 91.5864 109.525 35.1864 173.883 86.475 31.6227 64.5385 70.852 136.901 131.297 104.495 0 9.4138 
21.579 100.434 87.7759 65.2339 176.129 15.2678 167.52 142.535 168.544 113.415 47.5359 58.7756 162.609 4.51445 51.0703 43.0859 136.951 139.16 135.158 56.531 70.5075 214.535 168.517 92.8938 111.901 43.9837 87.4619 39.374 68.1094 220.48 84.7388 31.5434 158.887 164.277 98.9916 137.593 65.8163 156.239 132.528 89.8941 147.923 101.188 11.6828 89.3652 128.664 48.1949 70.8716 37.9969 55.7091 80.7227 150.071 100.721 218.738 62.1924 54.9116 211.004 49.7019 82.1726 105.678 39.0334 164.469 82.628 22.2089 55.1247 61.4382 127.487 121.883 95.0812 9.4138 0 
