70 70 71 140 
71 117.29 31.609
72 65.8132 90.8962
73 126.53 55.7252
74 40.8366 69.9692
75 61.7726 70.7685
76 8.79205 97.2821
77 35.1504 84.7073
78 105.818 9.79428
79 21.9735 82.0255
80 115.688 86.9827
81 118.619 77.6871
82 156.31 25.7329
83 175.137 53.2807
84 143.416 41.032
85 54.5611 3.94434
86 174.028 13.398
87 33.9927 94.6578
88 82.7004 49.5303
89 49.6156 58.3087
90 110.347 93.8117
91 106.71 32.8457
92 141.283 66.5685
93 91.0198 93.0301
94 55.7167 45.9033
95 170.618 17.6936
96 74.3789 70.9569
97 3.57287 16.257
98 187.469 83.9889
99 118.238 33.032
100 177.215 12.2926
101 119.479 87.4112
102 149.966 90.2798
103 37.459 0.650073
104 34.195 81.4152
105 139.546 43.1547
106 2.14405 89.7442
107 63.393 84.6207
108 72.2801 53.9822
109 0.407676 78.7112
110 197.045 5.57392
111 38.1985 7.01004
112 151.068 48.0888
113 125.787 84.4366
114 124.697 95.0127
115 188.863 34.2009
116 92.797 93.5503
117 96.4409 15.8058
118 85.3951 38.3099
119 167.491 7.59181
120 62.7455 70.7429
121 114.032 39.4604
122 57.1793 62.1246
123 135.692 28.669
124 135.721 78.1664
125 60.155 7.91366
126 46.8631 19.5756
127 15.2015 81.5494
128 49.1686 81.0958
129 159.158 81.1855
130 58.3132 38.5789
131 144.993 29.2426
132 164.026 76.5061
133 40.337 23.1326
134 53.2341 69.8628
135 160.628 19.5651
136 30.217 49.6167
137 198.565 26.8936
138 115.429 56.4935
139 42.4492 6.01143
140 159.794 9.48616
0 110.764 33.3562 114.814 94.677 174.171 135.238 33.2872 145.733 56.976 47.4065 44.8958 79.5187 35.5492 90.3938 74.9493 146.346 52.511 94.3743 69.1456 11.8167 58.9527 87.6915 75.8677 67.2428 82.2591 129.069 122.558 2.37095 79.2414 57.9914 91.3465 110.79 132.901 33.8011 173.281 106.909 67.3833 163.985 105.79 103.691 50.2578 61.324 70.8104 74.1642 86.4345 36.6524 38.596 74.2184 93.6785 11.1095 90.6264 21.342 64.9883 80.8306 82.4606 152.029 117.608 91.4439 65.9468 30.0696 91.633 85.4296 102.31 55.3819 105.081 85.9903 26.7457 100.439 64.6264 
110.764 0 95.8879 45.9037 24.1684 63.407 36.8518 121.106 52.7105 53.7881 66.0145 155.66 146.94 127.467 98.204 185.713 35.582 58.2531 48.7851 47.4495 98.9475 99.798 27.3405 55.0895 178.007 28.505 136.88 128.563 110.289 190.006 57.1512 84.7691 118.6 41.0992 121.474 64.8212 8.6958 43.3809 77.5905 216.554 111.501 128.062 66.4331 63.0001 179.745 29.6378 105.718 72.1681 184.983 23.221 99.6546 37.4056 132.106 82.6377 88.6408 90.2708 59.9586 26.445 103.055 59.8173 140.834 112.603 93.2399 33.6125 166.146 76.8758 196.754 84.0184 108.249 175.391 
33.3562 95.8879 0 99.9376 79.8008 159.295 120.362 66.6434 130.857 42.0998 29.8735 59.772 51.0516 31.5795 123.75 89.8255 131.47 50.0247 79.4981 54.2693 42.6996 25.5965 72.8153 80.6355 82.119 67.3829 162.426 89.2022 30.9852 94.1176 38.7367 57.9903 144.146 118.025 25.5861 158.405 92.0326 55.9931 149.108 120.666 137.047 32.1745 29.4549 41.1207 83.8568 71.5583 70.0086 58.5504 89.0947 78.8023 28.763 75.7502 36.2182 31.6321 114.187 115.817 137.153 102.732 58.0877 85.3632 44.9459 58.2768 118.786 87.4335 70.2581 102.422 100.867 11.8695 133.795 79.5026 
114.814 45.9037 99.9376 0 21.7353 59.3574 20.4242 125.156 30.9194 91.8647 85.4999 159.71 150.989 131.517 79.7494 189.763 31.5324 62.3028 20.4395 93.3532 102.997 103.848 73.2441 38.9461 182.057 34.53 90.9759 160.652 114.339 194.055 96.0848 129.44 72.6967 18.0875 125.524 58.4675 37.2079 47.4305 49.1709 220.604 65.5972 132.112 99.4174 108.904 183.794 75.5415 109.768 76.2178 189.032 22.6826 103.704 24.1874 136.156 103.082 81.374 56.4201 37.2152 19.4587 129.537 48.867 144.883 129.726 47.3362 12.504 170.196 30.9721 200.804 88.0681 65.5704 179.44 
94.677 24.1684 79.8008 21.7353 0 79.4942 40.561 105.019 51.0562 70.1295 63.7647 139.573 130.852 111.38 74.0356 169.626 51.6691 42.166 24.6167 71.6179 82.8603 83.7108 51.5089 30.9211 161.92 12.7948 112.711 138.917 94.202 173.918 74.3496 107.705 94.432 38.2243 105.387 78.6043 15.4726 27.2937 69.3077 200.467 87.3325 111.975 77.6821 87.1685 163.658 53.8062 89.631 56.081 168.895 0.998513 83.5674 13.2372 116.019 81.3465 64.4724 66.1024 57.352 22.9313 107.802 35.6489 124.747 107.991 69.0715 9.44412 150.059 52.7074 180.667 67.9313 84.0804 159.303 
174.171 63.407 159.295 59.3574 79.4942 0 38.9332 184.513 28.438 117.195 129.421 219.067 210.347 190.874 139.107 249.12 27.825 121.66 79.7969 105.026 162.354 163.205 86.4797 98.3034 241.414 91.9121 86.2443 191.97 173.696 253.413 120.558 148.176 125.299 41.2699 184.881 14.1859 67.2624 106.788 26.9552 279.961 119.679 191.469 129.84 118.174 243.152 87.7367 169.125 135.575 248.39 80.4927 163.062 83.5448 195.513 146.045 140.731 115.778 22.1421 56.5628 166.462 108.224 204.241 176.01 105.694 71.8614 229.553 69.0904 260.161 147.425 124.928 238.798 
135.238 36.8518 120.362 20.4242 40.561 38.9332 0 145.58 15.8587 82.8129 90.4883 180.134 171.413 151.941 100.174 210.187 11.1082 82.727 40.8637 84.3013 123.421 124.272 64.1923 59.3703 202.481 52.9789 100.028 153.037 134.763 214.479 87.033 120.388 86.3658 4.2474 145.948 38.0433 28.3292 67.8547 40.7387 241.028 80.7454 152.536 90.9069 99.8519 204.219 66.4896 130.192 96.642 209.456 41.5595 124.128 44.6116 156.58 107.112 101.798 76.8443 23.1068 17.6297 127.529 69.2912 165.308 137.077 66.7612 32.9282 190.62 40.024 221.228 108.492 85.9946 199.864 
33.2872 121.106 66.6434 125.156 105.019 184.513 145.58 0 156.076 87.0585 80.6937 66.4307 112.806 68.8364 57.1065 71.8144 156.688 62.8533 104.717 88.547 23.9438 92.2399 98.0338 86.21 72.6992 92.6014 108.708 155.846 35.6582 73.8958 91.2786 124.634 77.5029 143.244 67.0883 183.624 117.251 77.7256 174.327 95.4474 70.4034 83.545 94.6112 104.098 107.451 96.7768 15.3883 48.9383 63.8761 104.021 37.8804 100.969 48.7491 98.2755 47.5433 68.736 162.371 127.951 124.731 76.2891 58.624 124.92 78.8191 112.652 64.5812 115.423 109.847 56.3104 67.1514 54.2841 
145.733 52.7105 130.857 30.9194 51.0562 28.438 15.8587 156.076 0 98.6715 100.984 190.629 181.909 162.437 110.669 220.683 24.6515 93.2222 51.3589 100.16 133.917 134.767 80.0509 69.8655 212.976 63.4741 84.1691 167.459 145.258 224.975 102.892 136.247 96.861 12.8319 156.443 27.5481 44.0147 78.3499 24.8801 251.523 91.2406 163.031 106.224 115.711 214.714 82.3483 140.687 107.137 219.952 52.0547 134.624 55.1068 167.075 117.607 112.293 87.3395 7.24811 28.1249 138.024 79.7864 175.803 147.572 77.2565 43.4234 201.115 40.6524 231.724 118.987 96.4898 210.36 
56.976 53.7881 42.0998 91.8647 70.1295 117.195 82.8129 87.0585 98.6715 0 12.2264 101.872 93.1515 73.6794 144.165 131.925 89.3701 70.4398 94.7462 12.1695 63.1147 46.0099 30.7154 101.051 124.219 57.3347 182.841 74.7748 56.501 136.217 4.22014 37.5752 164.561 87.0603 67.6859 116.305 54.6568 76.4082 123.552 162.766 157.462 74.2743 12.645 17.0391 125.957 29.4584 90.4237 78.9655 131.194 69.1821 49.1781 83.3667 78.318 28.8496 134.602 136.232 105.92 72.4061 49.2669 105.778 87.0457 58.8149 139.201 79.5736 112.358 122.837 142.966 30.7481 154.21 121.602 
47.4065 66.0145 29.8735 85.4999 63.7647 129.421 90.4883 80.6937 100.984 12.2264 0 89.6455 80.9251 61.453 137.8 119.699 101.596 64.075 88.3814 24.3959 56.7499 33.7835 42.9418 94.6858 111.993 50.9699 176.476 75.1519 45.0356 123.991 10.5849 43.94 158.197 88.1516 55.4595 128.532 62.1591 70.0434 119.235 150.539 151.097 62.048 13.9174 23.4038 113.73 41.6848 84.0589 72.6007 118.968 62.8173 42.8134 77.0019 66.0917 17.5818 128.237 129.867 107.279 72.8587 44.0373 99.4135 74.8193 46.5885 132.836 73.2088 100.132 116.472 130.74 24.3833 147.845 109.376 
44.8958 155.66 59.772 159.71 139.573 219.067 180.134 66.4307 190.629 101.872 89.6455 0 46.3752 28.1925 123.537 30.0535 191.242 97.4068 139.27 114.041 56.7125 55.862 132.587 120.764 22.347 127.155 162.213 89.4149 45.3708 34.3456 98.5088 70.8908 143.934 177.797 34.186 218.177 151.805 112.279 208.881 60.8939 136.834 27.5975 89.2269 100.893 41.0208 131.33 69.7959 83.4918 29.3226 138.574 56.0054 135.522 23.5538 73.0223 113.974 115.604 196.925 162.504 58.3004 110.843 14.8262 58.4896 118.573 147.206 10.4861 149.977 43.416 71.6416 133.582 19.7306 
79.5187 146.94 51.0516 150.989 130.852 210.347 171.413 112.806 181.909 93.1515 80.9251 46.3752 0 43.9694 169.912 40.9915 182.522 96.1871 130.55 105.321 88.8621 47.1416 123.867 126.798 40.1066 118.435 208.588 43.0397 77.1477 43.066 89.7884 62.1705 190.309 169.077 45.7176 209.457 143.084 103.559 200.16 69.6143 183.209 29.2609 80.5065 92.1723 32.8051 122.61 116.171 104.713 53.3347 129.854 74.9255 126.802 64.0567 64.3019 160.349 161.979 188.204 153.784 43.8846 131.526 54.1819 34.3366 164.948 138.485 48.2247 148.584 49.8149 62.9212 179.957 59.138 
35.5492 127.467 31.5795 131.517 111.38 190.874 151.941 68.8364 162.437 73.6794 61.453 28.1925 43.9694 0 125.943 58.246 163.049 69.2143 111.078 85.8489 44.8926 27.6695 104.395 92.571 50.5395 98.9624 164.619 87.0091 33.1783 62.5381 70.3163 55.7973 146.339 149.605 5.99348 189.985 123.612 84.0866 180.688 89.0864 139.24 14.7085 61.0344 72.7002 52.2773 103.138 72.2017 60.7434 57.5151 110.382 30.9561 107.33 20.0873 44.8298 116.38 118.01 168.732 134.312 55.8946 87.5563 13.3663 56.0838 120.979 119.013 38.6786 121.784 69.287 43.4491 135.988 47.9231 
90.3938 98.204 123.75 79.7494 74.0356 139.107 100.174 57.1065 110.669 144.165 137.8 123.537 169.912 125.943 0 128.921 111.282 73.7253 59.3099 145.654 81.0503 149.346 125.544 43.1145 129.806 86.8304 63.3009 212.952 92.7647 131.002 148.385 181.74 20.3964 97.837 124.195 138.217 89.5082 67.7568 128.92 144.113 19.4283 140.652 151.718 161.204 164.558 127.842 53.7413 65.1995 116.578 74.983 94.9869 60.7984 105.856 155.382 9.56321 23.3293 116.965 82.544 181.838 38.3867 115.731 182.027 33.4124 67.2454 121.688 70.0165 166.953 113.417 14.179 110.774 
74.9493 185.713 89.8255 189.763 169.626 249.12 210.187 71.8144 220.683 131.925 119.699 30.0535 40.9915 58.246 128.921 0 221.295 127.46 169.324 144.095 86.766 85.9155 162.641 150.817 7.70649 157.208 173.315 84.0312 75.4243 4.29209 128.562 100.944 149.317 207.851 64.2395 248.231 181.858 142.333 238.934 30.8404 142.218 57.6511 119.28 130.946 35.6371 161.384 79.9953 113.545 12.3432 168.628 86.0589 165.576 53.6073 103.076 119.358 133.343 226.978 192.558 82.6585 140.896 44.8797 73.1105 143.426 177.259 19.5674 180.03 38.0322 101.695 138.966 18.1466 
146.346 35.582 131.47 31.5324 51.6691 27.825 11.1082 156.688 24.6515 89.3701 101.596 191.242 182.522 163.049 111.282 221.295 0 93.8351 51.9719 77.2006 134.529 135.38 58.6547 70.4784 213.589 64.087 108.821 164.145 145.871 225.588 92.7332 120.351 97.4739 13.4448 157.056 36.7622 39.4374 78.9629 49.5316 252.136 91.8535 163.644 102.015 91.0591 215.327 59.9117 141.3 107.75 220.565 52.6677 135.237 55.7198 167.688 118.22 112.906 87.9525 31.8996 28.7378 138.637 80.3993 176.416 148.185 77.8694 44.0364 201.728 48.8168 232.336 119.6 97.1028 210.973 
52.511 58.2531 50.0247 62.3028 42.166 121.66 82.727 62.8533 93.2222 70.4398 64.075 97.4068 96.1871 69.2143 73.7253 127.46 93.8351 0 41.8633 71.9282 40.6943 75.6212 51.8192 30.6108 119.754 29.7481 112.401 139.227 52.036 131.752 74.6599 108.015 94.1217 80.3903 63.2209 120.77 54.3978 14.8723 111.474 158.301 87.0222 69.8093 77.9924 87.4788 121.492 54.1165 47.465 13.915 126.729 41.1675 41.4015 38.1154 73.853 81.6568 64.1621 65.7921 99.518 65.0973 108.112 35.3386 82.5807 108.301 68.7612 49.7987 107.893 52.5698 138.501 39.6917 83.7701 117.137 
94.3743 48.7851 79.4981 20.4395 24.6167 79.7969 40.8637 104.717 51.3589 94.7462 88.3814 139.27 130.55 111.078 59.3099 169.324 51.9719 41.8633 0 96.2346 82.5576 99.9276 76.1256 18.5066 161.617 37.4115 88.0945 163.533 93.8992 173.616 98.9663 132.321 69.8153 38.527 105.084 78.907 40.0893 26.991 69.6104 200.164 62.7158 111.673 102.299 111.785 163.355 78.4229 89.3282 55.7783 168.593 25.5641 83.2647 11.3795 115.716 105.963 60.9345 41.4857 57.6548 23.2341 132.419 28.4274 124.444 132.608 44.4548 15.1726 149.756 28.0907 180.365 67.6285 59.4637 159.001 
69.1456 47.4495 54.2693 93.3532 71.6179 105.026 84.3013 88.547 100.16 12.1695 24.3959 114.041 105.321 85.8489 145.654 144.095 77.2006 71.9282 96.2346 0 64.6032 58.1794 20.109 102.539 136.388 58.8231 184.329 86.9443 68.6705 148.387 15.5326 43.1505 166.05 88.5487 79.8554 112.271 56.1453 77.8967 125.04 174.935 158.95 86.4438 24.8145 15.5506 138.126 17.8117 91.9122 80.454 143.364 70.6705 58.036 84.8551 90.4875 41.0191 136.09 137.72 107.408 73.8945 61.4364 107.267 99.2152 70.9844 140.689 81.062 124.527 124.325 155.136 42.3998 155.698 133.772 
11.8167 98.9475 42.6996 102.997 82.8603 162.354 123.421 23.9438 133.917 63.1147 56.7499 56.7125 88.8621 44.8926 81.0503 86.766 134.529 40.6943 82.5576 64.6032 0 68.2961 75.8748 64.051 79.0595 70.4424 119.726 131.902 11.7144 91.0581 67.3348 100.69 101.447 121.085 43.1445 161.465 95.0921 55.5666 152.168 117.606 94.3472 59.6012 70.6674 80.1538 83.5077 74.6178 27.309 26.7793 86.0351 81.8618 13.9366 78.8097 33.1587 74.3317 71.4871 73.1171 140.212 105.792 100.787 54.1302 41.8863 100.976 76.0862 90.4931 67.1986 93.2641 97.807 32.3666 91.0952 76.4431 
58.9527 99.798 25.5965 103.848 83.7108 163.205 124.272 92.2399 134.767 46.0099 33.7835 55.862 47.1416 27.6695 149.346 85.9155 135.38 75.6212 99.9276 58.1794 68.2961 0 76.7253 106.232 78.209 71.2929 188.022 63.6057 56.5818 90.2076 42.6468 32.3938 169.743 121.935 25.1516 162.315 95.9426 81.5896 153.019 116.756 162.643 28.2645 33.3649 45.0307 79.9467 75.4683 95.6051 84.1469 85.1846 82.7123 54.3596 88.5481 43.4908 17.1603 139.783 141.413 141.063 106.642 32.4911 110.96 41.0358 32.6803 144.382 91.3436 66.3481 128.018 96.9565 35.9295 159.391 75.5926 
87.6915 27.3405 72.8153 73.2441 51.5089 86.4797 64.1923 98.0338 80.0509 30.7154 42.9418 132.587 123.867 104.395 125.544 162.641 58.6547 51.8192 76.1256 20.109 75.8748 76.7253 0 82.43 154.934 38.7141 164.22 105.49 87.2165 166.933 34.0786 61.6965 145.941 68.4397 98.4013 92.1617 36.0363 57.7876 104.931 193.481 138.841 104.99 43.3604 35.6596 156.672 2.29735 82.6455 60.3449 161.91 50.5615 76.5819 64.7461 109.033 59.565 115.981 117.611 87.2991 53.7855 79.9823 87.1577 117.761 89.5303 120.58 60.953 143.073 104.216 173.682 60.9457 135.589 152.318 
75.8677 55.0895 80.6355 38.9461 30.9211 98.3034 59.3703 86.21 69.8655 101.051 94.6858 120.764 126.798 92.571 43.1145 150.817 70.4784 30.6108 18.5066 102.539 64.051 106.232 82.43 0 143.111 43.7159 81.7901 169.838 75.3927 155.109 105.271 138.626 63.5109 57.0336 86.5776 97.4135 46.3937 24.6424 88.117 181.657 56.4114 97.537 108.603 118.09 144.848 84.7273 70.8217 37.2717 150.086 31.8685 64.7582 17.6839 97.2097 112.268 42.4279 35.1813 76.1613 41.7406 138.723 9.92088 105.937 138.912 38.1504 26.442 131.25 29.2131 161.858 70.3025 53.1593 140.494 
67.2428 178.007 82.119 182.057 161.92 241.414 202.481 72.6992 212.976 124.219 111.993 22.347 40.1066 50.5395 129.806 7.70649 213.589 119.754 161.617 136.388 79.0595 78.209 154.934 143.111 0 149.502 168.481 83.1464 67.7179 11.9986 120.856 93.2379 150.202 200.144 56.533 240.524 174.152 134.626 231.228 38.5469 143.103 49.9446 111.574 123.24 34.7522 153.677 76.0644 105.839 13.2281 160.921 78.3524 157.869 45.9009 95.3693 120.243 125.636 219.272 184.851 74.952 133.19 37.1732 65.404 135.72 169.553 11.8609 172.324 37.1474 93.9886 139.851 19.0314 
82.2591 28.505 67.3829 34.53 12.7948 91.9121 52.9789 92.6014 63.4741 57.3347 50.9699 127.155 118.435 98.9624 86.8304 157.208 64.087 29.7481 37.4115 58.8231 70.4424 71.2929 38.7141 43.7159 149.502 0 125.506 126.122 81.7841 161.501 61.5548 94.9099 107.227 50.6422 92.9689 91.0222 24.6497 19.0735 81.7256 188.049 100.127 99.5574 64.8873 74.3737 151.24 41.0114 77.2131 43.6631 156.478 11.8474 71.1495 26.032 103.601 68.5517 77.2672 78.8972 69.7699 35.3492 95.0072 48.4437 112.329 95.1964 81.8663 22.2389 137.641 65.5022 168.249 55.5134 96.8752 146.885 
129.069 136.88 162.426 90.9759 112.711 86.2443 100.028 108.708 84.1691 182.841 176.476 162.213 208.588 164.619 63.3009 173.315 108.821 112.401 88.0945 184.329 119.726 188.022 164.22 81.7901 168.481 125.506 0 251.628 131.44 177.607 187.061 220.416 49.493 95.7804 162.87 74.916 128.184 106.432 65.6194 204.155 43.8726 179.327 190.393 199.88 203.234 166.517 93.3192 103.875 172.584 113.659 133.662 99.474 144.531 194.058 64.9255 46.6088 76.921 110.435 220.513 77.0623 154.406 220.702 43.6397 103.267 160.363 60.0038 205.629 152.093 49.1219 162.992 
122.558 128.563 89.2022 160.652 138.917 191.97 153.037 155.846 167.459 74.7748 75.1519 89.4149 43.0397 87.0091 212.952 84.0312 164.145 139.227 163.533 86.9443 131.902 63.6057 105.49 169.838 83.1464 126.122 251.628 0 120.187 81.9498 71.4117 43.7937 233.349 155.847 88.7573 191.08 124.707 145.195 192.339 87.991 226.249 72.3006 62.1298 73.7956 51.1818 104.233 159.211 147.753 96.3744 137.969 117.965 152.154 107.096 57.5701 203.389 205.019 174.707 141.193 31.1145 174.565 97.2216 30.9253 207.988 148.361 91.2644 191.624 68.1916 99.5352 222.997 102.178 
2.37095 110.289 30.9852 114.339 94.202 173.696 134.763 35.6582 145.258 56.501 45.0356 45.3708 77.1477 33.1783 92.7647 75.4243 145.871 52.036 93.8992 68.6705 11.7144 56.5818 87.2165 75.3927 67.7179 81.7841 131.44 120.187 0 79.7164 55.6205 88.9756 113.161 132.426 31.4301 172.806 106.434 66.9082 163.51 106.265 106.062 47.8868 58.953 68.4394 71.7933 85.9594 39.0234 38.121 74.6935 93.2035 10.6345 90.1514 21.817 62.6173 83.2015 84.8315 151.554 117.133 89.0729 65.4718 30.5447 89.2621 87.8006 101.835 55.8569 104.606 86.4653 26.2707 102.81 65.1014 
79.2414 190.006 94.1176 194.055 173.918 253.413 214.479 73.8958 224.975 136.217 123.991 34.3456 43.066 62.5381 131.002 4.29209 225.588 131.752 173.616 148.387 91.0581 90.2076 166.933 155.109 11.9986 161.501 177.607 81.9498 79.7164 0 132.854 105.236 151.399 212.143 68.5316 252.523 186.15 146.625 243.226 26.5483 144.299 61.9431 123.572 135.238 33.5556 165.676 84.2874 117.837 14.4247 172.92 90.351 169.868 57.8994 107.368 121.439 137.635 231.27 196.85 86.9506 145.188 49.1718 77.4026 147.718 181.551 23.8595 184.322 35.9508 105.987 141.047 20.228 
57.9914 57.1512 38.7367 96.0848 74.3496 120.558 87.033 91.2786 102.892 4.22014 10.5849 98.5088 89.7884 70.3163 148.385 128.562 92.7332 74.6599 98.9663 15.5326 67.3348 42.6468 34.0786 105.271 120.856 61.5548 187.061 71.4117 55.6205 132.854 0 33.3551 168.782 91.2804 64.3228 119.668 58.877 80.6283 127.772 159.403 161.682 70.9112 9.28186 12.8189 122.594 32.8215 94.6439 83.1856 127.831 73.4022 53.3983 87.5868 74.9549 25.4865 138.822 140.452 110.14 76.6262 45.9038 109.998 83.6826 55.4518 143.421 83.7937 108.995 127.057 139.603 34.9682 158.43 118.239 
91.3465 84.7691 57.9903 129.44 107.705 148.176 120.388 124.634 136.247 37.5752 43.94 70.8908 62.1705 55.7973 181.74 100.944 120.351 108.015 132.321 43.1505 100.69 32.3938 61.6965 138.626 93.2379 94.9099 220.416 43.7937 88.9756 105.236 33.3551 0 202.137 124.635 57.5454 148.357 92.2321 113.983 161.127 131.785 195.037 43.2933 30.0226 30.0019 94.9756 60.4394 127.999 116.541 100.213 106.757 86.7534 120.942 75.8846 26.3582 172.177 173.807 143.495 109.981 18.2859 143.354 66.0097 27.8339 176.776 117.149 81.3769 160.412 111.985 68.3233 191.785 90.6214 
110.79 118.6 144.146 72.6967 94.432 125.299 86.3658 77.5029 96.861 164.561 158.197 143.934 190.309 146.339 20.3964 149.317 97.4739 94.1217 69.8153 166.05 101.447 169.743 145.941 63.5109 150.202 107.227 49.493 233.349 113.161 151.399 168.782 202.137 0 84.0291 144.591 124.409 109.905 88.1532 115.112 164.51 7.09951 161.048 172.114 181.601 184.954 148.238 74.1377 85.5959 136.974 95.3794 115.383 81.1948 126.252 175.778 29.9596 28.3296 103.157 92.1554 202.234 58.7831 136.127 202.423 25.3605 84.9879 142.084 56.2086 187.35 133.813 10.3515 131.171 
132.901 41.0992 118.025 18.0875 38.2243 41.2699 4.2474 143.244 12.8319 87.0603 88.1516 177.797 169.077 149.605 97.837 207.851 13.4448 80.3903 38.527 88.5487 121.085 121.935 68.4397 57.0336 200.144 50.6422 95.7804 155.847 132.426 212.143 91.2804 124.635 84.0291 0 143.611 40.38 32.4034 65.518 36.4913 238.691 78.4087 150.2 94.6129 104.099 201.882 70.737 127.855 94.3053 207.12 39.2228 121.792 42.2749 154.243 104.775 99.4615 74.5076 19.1277 15.293 125.192 66.9545 162.971 134.74 64.4246 30.5915 188.283 35.7766 218.892 106.156 83.6579 197.528 
33.8011 121.474 25.5861 125.524 105.387 184.881 145.948 67.0883 156.443 67.6859 55.4595 34.186 45.7176 5.99348 124.195 64.2395 157.056 63.2209 105.084 79.8554 43.1445 25.1516 98.4013 86.5776 56.533 92.9689 162.87 88.7573 31.4301 68.5316 64.3228 57.5454 144.591 143.611 0 183.991 117.619 78.0931 174.695 95.0799 137.492 16.4567 55.0409 66.7067 58.2707 97.1443 70.4535 58.9953 63.5086 104.388 29.2079 101.336 18.3392 38.8363 114.632 116.262 162.739 128.318 57.6428 85.8081 19.3598 57.8319 119.231 113.02 44.672 115.791 75.2805 37.4556 134.24 53.9165 
173.281 64.8212 158.405 58.4675 78.6043 14.1859 38.0433 183.624 27.5481 116.305 128.532 218.177 209.457 189.985 138.217 248.231 36.7622 120.77 78.907 112.271 161.465 162.315 92.1617 97.4135 240.524 91.0222 74.916 191.08 172.806 252.523 119.668 148.357 124.409 40.38 183.991 0 66.3725 105.898 12.7693 279.071 118.789 190.58 128.95 127.821 242.262 94.459 168.235 134.685 247.5 79.6028 162.172 82.6549 194.623 145.155 139.841 114.888 21.2522 55.6729 165.572 107.334 203.351 175.12 104.805 70.9715 228.663 68.2005 259.272 146.536 124.038 237.908 
106.909 8.6958 92.0326 37.2079 15.4726 67.2624 28.3292 117.251 44.0147 54.6568 62.1591 151.805 143.084 123.612 89.5082 181.858 39.4374 54.3978 40.0893 56.1453 95.0921 95.9426 36.0363 46.3937 174.152 24.6497 128.184 124.707 106.434 186.15 58.877 92.2321 109.905 32.4034 117.619 66.3725 0 39.5255 68.8947 212.699 102.805 124.207 62.5777 71.6959 175.889 38.3336 101.863 68.3128 181.127 14.5252 95.7992 28.7098 128.251 78.7823 79.945 81.575 51.2628 17.7492 99.1996 51.1215 136.978 108.748 84.5441 24.9167 162.291 68.18 192.899 80.163 99.5531 171.535 
67.3833 43.3809 55.9931 47.4305 27.2937 106.788 67.8547 77.7256 78.3499 76.4082 70.0434 112.279 103.559 84.0866 67.7568 142.333 78.9629 14.8723 26.991 77.8967 55.5666 81.5896 57.7876 24.6424 134.626 19.0735 106.432 145.195 66.9082 146.625 80.6283 113.983 88.1532 65.518 78.0931 105.898 39.5255 0 96.6014 173.173 81.0537 84.6815 83.9609 93.4473 136.364 60.085 62.3372 28.7873 141.602 26.2952 56.2737 23.2431 88.7252 87.6252 58.1936 59.8236 84.6458 50.2251 114.081 29.3701 97.4529 114.27 62.7927 34.9265 122.765 46.4286 153.374 45.6601 77.8017 132.01 
163.985 77.5905 149.108 49.1709 69.3077 26.9552 40.7387 174.327 24.8801 123.552 119.235 208.881 200.16 180.688 128.92 238.934 49.5316 111.474 69.6104 125.04 152.168 153.019 104.931 88.117 231.228 81.7256 65.6194 192.339 163.51 243.226 127.772 161.127 115.112 36.4913 174.695 12.7693 68.8947 96.6014 0 269.774 109.492 181.283 131.104 140.591 232.965 107.228 158.939 125.389 238.203 70.3062 152.875 73.3583 185.327 135.858 130.545 105.591 17.632 51.1455 161.224 98.0379 194.054 165.824 95.5079 61.6749 219.367 58.9039 249.975 137.239 114.741 228.611 
105.79 216.554 120.666 220.604 200.467 279.961 241.028 95.4474 251.523 162.766 150.539 60.8939 69.6143 89.0864 144.113 30.8404 252.136 158.301 200.164 174.935 117.606 116.756 193.481 181.657 38.5469 188.049 204.155 87.991 106.265 26.5483 159.403 131.785 164.51 238.691 95.0799 279.071 212.699 173.173 269.774 0 160.282 88.4915 150.121 161.787 36.8092 192.224 110.836 144.386 31.5713 199.468 116.899 196.416 84.4478 133.916 139.23 164.183 257.819 223.398 113.499 171.737 75.7201 103.951 174.266 208.099 50.4079 210.871 22.8399 132.535 155.033 41.1634 
103.691 111.501 137.047 65.5972 87.3325 119.679 80.7454 70.4034 91.2406 157.462 151.097 136.834 183.209 139.24 19.4283 142.218 91.8535 87.0222 62.7158 158.95 94.3472 162.643 138.841 56.4114 143.103 100.127 43.8726 226.249 106.062 144.299 161.682 195.037 7.09951 78.4087 137.492 118.789 102.805 81.0537 109.492 160.282 0 153.948 165.015 174.501 177.855 141.139 67.0382 78.4964 129.875 88.2799 108.284 74.0953 119.153 168.679 22.8601 21.2301 97.5364 85.0559 195.135 51.6836 129.027 195.324 18.261 77.8884 134.985 50.5882 180.25 126.714 5.24925 124.071 
50.2578 128.062 32.1745 132.112 111.975 191.469 152.536 83.545 163.031 74.2743 62.048 27.5975 29.2609 14.7085 140.652 57.6511 163.644 69.8093 111.673 86.4438 59.6012 28.2645 104.99 97.537 49.9446 99.5574 179.327 72.3006 47.8868 61.9431 70.9112 43.2933 161.048 150.2 16.4567 190.58 124.207 84.6815 181.283 88.4915 153.948 0 61.6294 73.2952 51.6823 103.733 86.9102 75.452 56.9202 110.977 45.6646 107.925 34.7958 45.4247 131.088 132.718 169.327 134.907 41.1861 102.265 24.921 41.3753 135.687 119.608 38.0836 122.379 68.692 44.044 150.696 47.3281 
61.324 66.4331 29.4549 99.4174 77.6821 129.84 90.9069 94.6112 106.224 12.645 13.9174 89.2269 80.5065 61.0344 151.718 119.28 102.015 77.9924 102.299 24.8145 70.6674 33.3649 43.3604 108.603 111.574 64.8873 190.393 62.1298 58.953 123.572 9.28186 30.0226 172.114 94.6129 55.0409 128.95 62.5777 83.9609 131.104 150.121 165.015 61.6294 0 11.6658 113.312 42.1034 97.9764 86.5182 118.55 76.7347 56.7308 90.9193 65.6731 16.2046 142.155 143.785 113.472 79.9587 36.6219 113.331 74.4007 46.1699 146.754 87.1262 99.713 130.39 130.321 38.3008 161.763 108.957 
70.8104 63.0001 41.1207 108.904 87.1685 118.174 99.8519 104.098 115.711 17.0391 23.4038 100.893 92.1723 72.7002 161.204 130.946 91.0591 87.4788 111.785 15.5506 80.1538 45.0307 35.6596 118.09 123.24 74.3737 199.88 73.7956 68.4394 135.238 12.8189 30.0019 181.601 104.099 66.7067 127.821 71.6959 93.4473 140.591 161.787 174.501 73.2952 11.6658 0 124.977 33.3623 107.463 96.0046 130.215 86.2211 66.2172 100.406 77.3389 27.8704 151.641 153.271 122.959 89.4451 48.2878 122.817 86.0665 57.8357 156.24 96.6126 111.379 139.876 141.987 47.7872 171.249 120.623 
74.1642 179.745 83.8568 183.794 163.658 243.152 204.219 107.451 214.714 125.957 113.73 41.0208 32.8051 52.2773 164.558 35.6371 215.327 121.492 163.355 138.126 83.5077 79.9467 156.672 144.848 34.7522 151.24 203.234 51.1818 71.7933 33.5556 122.594 94.9756 184.954 201.882 58.2707 242.262 175.889 136.364 232.965 36.8092 177.855 51.6823 113.312 124.977 0 155.415 110.817 107.577 47.9803 162.659 80.0901 159.607 58.7023 97.107 154.995 156.625 221.01 186.589 76.6897 134.927 48.8275 67.1417 159.594 171.29 42.8703 174.061 17.0097 95.7263 174.603 53.7836 
86.4345 29.6378 71.5583 75.5415 53.8062 87.7367 66.4896 96.7768 82.3483 29.4584 41.6848 131.33 122.61 103.138 127.842 161.384 59.9117 54.1165 78.4229 17.8117 74.6178 75.4683 2.29735 84.7273 153.677 41.0114 166.517 104.233 85.9594 165.676 32.8215 60.4394 148.238 70.737 97.1443 94.459 38.3336 60.085 107.228 192.224 141.139 103.733 42.1034 33.3623 155.415 0 81.3884 62.6423 160.653 52.8589 75.3249 67.0434 107.776 58.308 118.279 119.909 89.5964 56.0828 78.7253 89.4551 116.504 88.2733 122.878 63.2504 141.816 106.514 172.425 59.6887 137.887 151.061 
36.6524 105.718 70.0086 109.768 89.631 169.125 130.192 15.3883 140.687 90.4237 84.0589 69.7959 116.171 72.2017 53.7413 79.9953 141.3 47.465 89.3282 91.9122 27.309 95.6051 82.6455 70.8217 76.0644 77.2131 93.3192 159.211 39.0234 84.2874 94.6439 127.999 74.1377 127.855 70.4535 168.235 101.863 62.3372 158.939 110.836 67.0382 86.9102 97.9764 107.463 110.817 81.3884 0 33.55 79.2645 88.6325 41.2456 85.5804 52.1144 101.641 44.1781 53.3476 146.983 112.562 128.096 60.9008 61.9892 128.285 63.4307 97.2637 67.9464 100.035 113.212 59.6756 63.7862 69.6724 
38.596 72.1681 58.5504 76.2178 56.081 135.575 96.642 48.9383 107.137 78.9655 72.6007 83.4918 104.713 60.7434 65.1995 113.545 107.75 13.915 55.7783 80.454 26.7793 84.1469 60.3449 37.2717 105.839 43.6631 103.875 147.753 38.121 117.837 83.1856 116.541 85.5959 94.3053 58.9953 134.685 68.3128 28.7873 125.389 144.386 78.4964 75.452 86.5182 96.0046 107.577 62.6423 33.55 0 112.814 55.0825 29.7874 52.0304 59.938 90.1825 55.6363 57.2663 113.433 79.0123 116.638 27.3508 68.6656 116.827 60.2354 63.7138 93.9779 66.4848 124.586 48.2174 75.2444 103.222 
74.2184 184.983 89.0947 189.032 168.895 248.39 209.456 63.8761 219.952 131.194 118.968 29.3226 53.3347 57.5151 116.578 12.3432 220.565 126.729 168.593 143.364 86.0351 85.1846 161.91 150.086 13.2281 156.478 172.584 96.3744 74.6935 14.4247 127.831 100.213 136.974 207.12 63.5086 247.5 181.127 141.602 238.203 31.5713 129.875 56.9202 118.55 130.215 47.9803 160.653 79.2645 112.814 0 167.897 85.328 164.845 52.8765 102.345 107.658 132.612 226.247 191.827 81.9276 140.165 44.1488 72.3796 142.695 176.528 18.8366 179.299 50.3754 100.964 126.623 9.59206 
93.6785 23.221 78.8023 22.6826 0.998513 80.4927 41.5595 104.021 52.0547 69.1821 62.8173 138.574 129.854 110.382 74.983 168.628 52.6677 41.1675 25.5641 70.6705 81.8618 82.7123 50.5615 31.8685 160.921 11.8474 113.659 137.969 93.2035 172.92 73.4022 106.757 95.3794 39.2228 104.388 79.6028 14.5252 26.2952 70.3062 199.468 88.2799 110.977 76.7347 86.2211 162.659 52.8589 88.6325 55.0825 167.897 0 82.5689 14.1846 115.02 80.3991 65.4198 67.0498 58.3505 23.9299 106.855 36.5962 123.748 107.044 70.0189 10.3915 149.06 53.6548 179.669 66.9327 85.0278 158.305 
11.1095 99.6546 28.763 103.704 83.5674 163.062 124.128 37.8804 134.624 49.1781 42.8134 56.0054 74.9255 30.9561 94.9869 86.0589 135.237 41.4015 83.2647 58.036 13.9366 54.3596 76.5819 64.7582 78.3524 71.1495 133.662 117.965 10.6345 90.351 53.3983 86.7534 115.383 121.792 29.2079 162.172 95.7992 56.2737 152.875 116.899 108.284 45.6646 56.7308 66.2172 80.0901 75.3249 41.2456 29.7874 85.328 82.5689 0 79.5168 32.4515 60.3951 85.4237 87.0537 140.919 106.499 86.8507 56.6002 41.1792 87.0399 90.0228 91.2002 66.4914 93.9713 97.0999 18.43 105.032 75.7359 
90.6264 37.4056 75.7502 24.1874 13.2372 83.5448 44.6116 100.969 55.1068 83.3667 77.0019 135.522 126.802 107.33 60.7984 165.576 55.7198 38.1154 11.3795 84.8551 78.8097 88.5481 64.7461 17.6839 157.869 26.032 99.474 152.154 90.1514 169.868 87.5868 120.942 81.1948 42.2749 101.336 82.6549 28.7098 23.2431 73.3583 196.416 74.0953 107.925 90.9193 100.406 159.607 67.0434 85.5804 52.0304 164.845 14.1846 79.5168 0 111.968 94.5837 57.1866 52.8652 61.4026 26.9819 121.039 24.6796 120.696 121.228 55.8343 11.6834 146.008 39.4702 176.617 63.8806 70.8432 155.253 
21.342 132.106 36.2182 136.156 116.019 195.513 156.58 48.7491 167.075 78.318 66.0917 23.5538 64.0567 20.0873 105.856 53.6073 167.688 73.853 115.716 90.4875 33.1587 43.4908 109.033 97.2097 45.9009 103.601 144.531 107.096 21.817 57.8994 74.9549 75.8846 126.252 154.243 18.3392 194.623 128.251 88.7252 185.327 84.4478 119.153 34.7958 65.6731 77.3389 58.7023 107.776 52.1144 59.938 52.8765 115.02 32.4515 111.968 0 49.5264 96.2925 97.9225 173.371 138.95 75.9819 87.2888 9.87486 76.1711 100.892 123.652 34.0399 126.423 64.6483 48.0877 115.901 43.2844 
64.9883 82.6377 31.6321 103.082 81.3465 146.045 107.112 98.2755 117.607 28.8496 17.5818 73.0223 64.3019 44.8298 155.382 103.076 118.22 81.6568 105.963 41.0191 74.3317 17.1603 59.565 112.268 95.3693 68.5517 194.058 57.5701 62.6173 107.368 25.4865 26.3582 175.778 104.775 38.8363 145.155 78.7823 87.6252 135.858 133.916 168.679 45.4247 16.2046 27.8704 97.107 58.308 101.641 90.1825 102.345 80.3991 60.3951 94.5837 49.5264 0 145.819 147.449 123.903 89.4819 26.4556 116.995 58.1961 29.9653 150.418 90.7906 83.5083 134.054 114.117 41.9651 165.427 92.7528 
80.8306 88.6408 114.187 81.374 64.4724 140.731 101.798 47.5433 112.293 134.602 128.237 113.974 160.349 116.38 9.56321 119.358 112.906 64.1621 60.9345 136.09 71.4871 139.783 115.981 42.4279 120.243 77.2672 64.9255 203.389 83.2015 121.439 138.822 172.177 29.9596 99.4615 114.632 139.841 79.945 58.1936 130.545 139.23 22.8601 131.088 142.155 151.641 154.995 118.279 44.1781 55.6363 107.658 65.4198 85.4237 57.1866 96.2925 145.819 0 24.9539 118.589 84.1686 172.274 32.5071 106.167 172.464 35.037 68.87 112.124 71.641 157.39 103.854 19.6081 101.211 
82.4606 90.2708 115.817 56.4201 66.1024 115.778 76.8443 68.736 87.3395 136.232 129.867 115.604 161.979 118.01 23.3293 133.343 87.9525 65.7921 41.4857 137.72 73.1171 141.413 117.611 35.1813 125.636 78.8972 46.6088 205.019 84.8315 137.635 140.452 173.807 28.3296 74.5076 116.262 114.888 81.575 59.8236 105.591 164.183 21.2301 132.718 143.785 153.271 156.625 119.909 53.3476 57.2663 132.612 67.0498 87.0537 52.8652 97.9225 147.449 24.9539 0 93.6354 63.8258 173.904 30.4535 107.797 174.094 10.0831 56.6583 113.776 46.6872 159.02 105.484 17.978 123.02 
152.029 59.9586 137.153 37.2152 57.352 22.1421 23.1068 162.371 7.24811 105.92 107.279 196.925 188.204 168.732 116.965 226.978 31.8996 99.518 57.6548 107.408 140.212 141.063 87.2991 76.1613 219.272 69.7699 76.921 174.707 151.554 231.27 110.14 143.495 103.157 19.1277 162.739 21.2522 51.2628 84.6458 17.632 257.819 97.5364 169.327 113.472 122.959 221.01 89.5964 146.983 113.433 226.247 58.3505 140.919 61.4026 173.371 123.903 118.589 93.6354 0 34.4207 144.32 86.0822 182.099 153.868 83.5523 49.7193 207.411 46.9482 238.019 125.283 102.786 216.655 
117.608 26.445 102.732 19.4587 22.9313 56.5628 17.6297 127.951 28.1249 72.4061 72.8587 162.504 153.784 134.312 82.544 192.558 28.7378 65.0973 23.2341 73.8945 105.792 106.642 53.7855 41.7406 184.851 35.3492 110.435 141.193 117.133 196.85 76.6262 109.981 92.1554 15.293 128.318 55.6729 17.7492 50.2251 51.1455 223.398 85.0559 134.907 79.9587 89.4451 186.589 56.0828 112.562 79.0123 191.827 23.9299 106.499 26.9819 138.95 89.4819 84.1686 63.8258 34.4207 0 110.079 51.6615 147.678 119.447 66.7949 15.2986 172.99 50.4308 203.599 90.8626 81.8038 182.235 
91.4439 103.055 58.0877 129.537 107.802 166.462 127.529 124.731 138.024 49.2669 44.0373 58.3004 43.8846 55.8946 181.838 82.6585 138.637 108.112 132.419 61.4364 100.787 32.4911 79.9823 138.723 74.952 95.0072 220.513 31.1145 89.0729 86.9506 45.9038 18.2859 202.234 125.192 57.6428 165.572 99.1996 114.081 161.224 113.499 195.135 41.1861 36.6219 48.2878 76.6897 78.7253 128.096 116.638 81.9276 106.855 86.8507 121.039 75.9819 26.4556 172.274 173.904 144.32 110.079 0 143.451 66.1071 9.54797 176.874 117.246 63.091 160.509 93.6994 68.4207 191.882 72.3355 
65.9468 59.8173 85.3632 48.867 35.6489 108.224 69.2912 76.2891 79.7864 105.778 99.4135 110.843 131.526 87.5563 38.3867 140.896 80.3993 35.3386 28.4274 107.267 54.1302 110.96 87.1577 9.92088 133.19 48.4437 77.0623 174.565 65.4718 145.188 109.998 143.354 58.7831 66.9545 85.8081 107.334 51.1215 29.3701 98.0379 171.737 51.6836 102.265 113.331 122.817 134.927 89.4551 60.9008 27.3508 140.165 36.5962 56.6002 24.6796 87.2888 116.995 32.5071 30.4535 86.0822 51.6615 143.451 0 96.0165 143.64 33.4226 36.3629 121.329 39.134 151.937 75.0302 48.4316 130.573 
30.0696 140.834 44.9459 144.883 124.747 204.241 165.308 58.624 175.803 87.0457 74.8193 14.8262 54.1819 13.3663 115.731 44.8797 176.416 82.5807 124.444 99.2152 41.8863 41.0358 117.761 105.937 37.1732 112.329 154.406 97.2216 30.5447 49.1718 83.6826 66.0097 136.127 162.971 19.3598 203.351 136.978 97.4529 194.054 75.7201 129.027 24.921 74.4007 86.0665 48.8275 116.504 61.9892 68.6656 44.1488 123.748 41.1792 120.696 9.87486 58.1961 106.167 107.797 182.099 147.678 66.1071 96.0165 0 66.2962 110.766 132.379 25.3122 135.15 55.9207 56.8154 125.775 34.5567 
91.633 112.603 58.2768 129.726 107.991 176.01 137.077 124.92 147.572 58.8149 46.5885 58.4896 34.3366 56.0838 182.027 73.1105 148.185 108.301 132.608 70.9844 100.976 32.6803 89.5303 138.912 65.404 95.1964 220.702 30.9253 89.2621 77.4026 55.4518 27.8339 202.423 134.74 57.8319 175.12 108.748 114.27 165.824 103.951 195.324 41.3753 46.1699 57.8357 67.1417 88.2733 128.285 116.827 72.3796 107.044 87.0399 121.228 76.1711 29.9653 172.464 174.094 153.868 119.447 9.54797 143.64 66.2962 0 177.063 117.435 60.3391 160.699 84.1515 68.6098 192.072 71.2524 
85.4296 93.2399 118.786 47.3362 69.0715 105.694 66.7612 78.8191 77.2565 139.201 132.836 118.573 164.948 120.979 33.4124 143.426 77.8694 68.7612 44.4548 140.689 76.0862 144.382 120.58 38.1504 135.72 81.8663 43.6397 207.988 87.8006 147.718 143.421 176.776 25.3605 64.4246 119.231 104.805 84.5441 62.7927 95.5079 174.266 18.261 135.687 146.754 156.24 159.594 122.878 63.4307 60.2354 142.695 70.0189 90.0228 55.8343 100.892 150.418 35.037 10.0831 83.5523 66.7949 176.874 33.4226 110.766 177.063 0 59.6274 123.859 36.6041 161.989 108.453 19.2334 133.103 
102.31 33.6125 87.4335 12.504 9.44412 71.8614 32.9282 112.652 43.4234 79.5736 73.2088 147.206 138.485 119.013 67.2454 177.259 44.0364 49.7987 15.1726 81.062 90.4931 91.3436 60.953 26.442 169.553 22.2389 103.267 148.361 101.835 181.551 83.7937 117.149 84.9879 30.5915 113.02 70.9715 24.9167 34.9265 61.6749 208.099 77.8884 119.608 87.1262 96.6126 171.29 63.2504 97.2637 63.7138 176.528 10.3915 91.2002 11.6834 123.652 90.7906 68.87 56.6583 49.7193 15.2986 117.246 36.3629 132.379 117.435 59.6274 0 157.692 43.2633 188.3 75.564 74.6363 166.936 
55.3819 166.146 70.2581 170.196 150.059 229.553 190.62 64.5812 201.115 112.358 100.132 10.4861 48.2247 38.6786 121.688 19.5674 201.728 107.893 149.756 124.527 67.1986 66.3481 143.073 131.25 11.8609 137.641 160.363 91.2644 55.8569 23.8595 108.995 81.3769 142.084 188.283 44.672 228.663 162.291 122.765 219.367 50.4079 134.985 38.0836 99.713 111.379 42.8703 141.816 67.9464 93.9779 18.8366 149.06 66.4914 146.008 34.0399 83.5083 112.124 113.776 207.411 172.99 63.091 121.329 25.3122 60.3391 123.859 157.692 0 160.463 45.2655 82.1276 131.733 10.9133 
105.081 76.8758 102.422 30.9721 52.7074 69.0904 40.024 115.423 40.6524 122.837 116.472 149.977 148.584 121.784 70.0165 180.03 48.8168 52.5698 28.0907 124.325 93.2641 128.018 104.216 29.2131 172.324 65.5022 60.0038 191.624 104.606 184.322 127.057 160.412 56.2086 35.7766 115.791 68.2005 68.18 46.4286 58.9039 210.871 50.5882 122.379 130.39 139.876 174.061 106.514 100.035 66.4848 179.299 53.6548 93.9713 39.4702 126.423 134.054 71.641 46.6872 46.9482 50.4308 160.509 39.134 135.15 160.699 36.6041 43.2633 160.463 0 191.071 92.0887 55.8374 169.707 
85.9903 196.754 100.867 200.804 180.667 260.161 221.228 109.847 231.724 142.966 130.74 43.416 49.8149 69.287 166.953 38.0322 232.336 138.501 180.365 155.136 97.807 96.9565 173.682 161.858 37.1474 168.249 205.629 68.1916 86.4653 35.9508 139.603 111.985 187.35 218.892 75.2805 259.272 192.899 153.374 249.975 22.8399 180.25 68.692 130.321 141.987 17.0097 172.425 113.212 124.586 50.3754 179.669 97.0999 176.617 64.6483 114.117 157.39 159.02 238.019 203.599 93.6994 151.937 55.9207 84.1515 161.989 188.3 45.2655 191.071 0 112.736 176.998 56.1788 
26.7457 84.0184 11.8695 88.0681 67.9313 147.425 108.492 56.3104 118.987 30.7481 24.3833 71.6416 62.9212 43.4491 113.417 101.695 119.6 39.6917 67.6285 42.3998 32.3666 35.9295 60.9457 70.3025 93.9886 55.5134 152.093 99.5352 26.2707 105.987 34.9682 68.3233 133.813 106.156 37.4556 146.536 80.163 45.6601 137.239 132.535 126.714 44.044 38.3008 47.7872 95.7263 59.6887 59.6756 48.2174 100.964 66.9327 18.43 63.8806 48.0877 41.9651 103.854 105.484 125.283 90.8626 68.4207 75.0302 56.8154 68.6098 108.453 75.564 82.1276 92.0887 112.736 0 123.462 91.3721 
100.439 108.249 133.795 65.5704 84.0804 124.928 85.9946 67.1514 96.4898 154.21 147.845 133.582 179.957 135.988 14.179 138.966 97.1028 83.7701 59.4637 155.698 91.0952 159.391 135.589 53.1593 139.851 96.8752 49.1219 222.997 102.81 141.047 158.43 191.785 10.3515 83.6579 134.24 124.038 99.5531 77.8017 114.741 155.033 5.24925 150.696 161.763 171.249 174.603 137.887 63.7862 75.2444 126.623 85.0278 105.032 70.8432 115.901 165.427 19.6081 17.978 102.786 81.8038 191.882 48.4316 125.775 192.072 19.2334 74.6363 131.733 55.8374 176.998 123.462 0 120.819 
64.6264 175.391 79.5026 179.44 159.303 238.798 199.864 54.2841 210.36 121.602 109.376 19.7306 59.138 47.9231 110.774 18.1466 210.973 117.137 159.001 133.772 76.4431 75.5926 152.318 140.494 19.0314 146.885 162.992 102.178 65.1014 20.228 118.239 90.6214 131.171 197.528 53.9165 237.908 171.535 132.01 228.611 41.1634 124.071 47.3281 108.957 120.623 53.7836 151.061 69.6724 103.222 9.59206 158.305 75.7359 155.253 43.2844 92.7528 101.211 123.02 216.655 182.235 72.3355 130.573 34.5567 71.2524 133.103 166.936 10.9133 169.707 56.1788 91.3721 120.819 0 
