70 70 71 140 
71 70.1587 52.4646
72 41.2524 30.9769
73 113.169 23.3375
74 126.464 53.6529
75 77.2074 59.3064
76 53.3502 64.3885
77 15.652 82.7649
78 115.85 25.0928
79 40.4519 51.6296
80 182.455 52.3584
81 67.1551 0.814969
82 2.95954 37.2748
83 97.5241 31.3757
84 130.341 59.6941
85 0.282437 85.748
86 146.899 5.14644
87 26.6226 87.6431
88 133.714 59.7206
89 39.1279 53.3824
90 38.9894 33.5635
91 58.4464 76.7152
92 72.2181 47.5269
93 118.325 92.316
94 20.1605 49.2199
95 79.2267 0.251114
96 176.393 85.7041
97 92.2718 68.6218
98 190.888 28.9646
99 59.59 93.8295
100 142.977 30.7611
101 145.446 76.9884
102 124.981 39.5202
103 56.4362 0
104 50.957 61.196
105 7.21319 50.9982
106 182.355 57.3196
107 27.4398 58.2674
108 73.2281 13.5212
109 167.594 31.4661
110 19.1005 6.54274
111 46.9688 71.3109
112 174.778 1.25278
113 87.6772 42.021
114 110.177 96.5444
115 108.598 7.16062
116 55.1696 83.2537
117 0 75.5675
118 37.9052 36.218
119 150.411 67.2483
120 29.6258 39.6013
121 148.29 84.8411
122 33.3104 76.688
123 59.5681 63.8668
124 163.858 45.6938
125 169.145 49.5985
126 69.9224 43.8575
127 88.7359 9.086
128 169.768 85.0648
129 130.069 61.6298
130 185.095 65.9852
131 63.6816 4.77901
132 130.349 85.4883
133 125.414 13.7514
134 185.353 5.26113
135 1.24405 1.15189
136 11.2852 53.7556
137 89.4498 67.5893
138 168.62 88.7787
139 120.393 95.4053
140 162.377 93.9106
0 50.3939 72.1375 57.4933 13.8906 28.7323 84.807 73.0635 30.5418 112.403 54.6531 82.3889 48.4542 67.4121 103.16 124.058 78.7147 70.8109 31.9486 50.0703 35.9629 6.99702 88.0173 53.2429 61.2814 139.474 38.2703 144.229 51.9336 94.5214 99.8109 67.767 66.187 27.9331 64.4119 117.051 48.5218 42.0128 118.434 96.9801 42.0362 155.831 27.9622 84.0979 83.7432 45.7782 93.2617 48.5 95.0365 53.3962 110.508 61.0717 21.9929 100.47 101.852 8.84335 61.9558 132.209 69.0758 128.457 54.1626 93.2137 93.968 162.397 120.227 60.1646 34.4158 134.775 93.1755 133.664 
50.3939 0 79.5561 107.887 64.2845 45.5094 77.3883 80.4821 21.4533 162.584 56.0646 44.5908 56.6705 117.806 95.7411 131.477 71.2961 121.205 24.53 4.84957 62.9322 47.5157 138.411 39.3349 68.7001 189.868 88.6642 151.648 81.1902 101.94 150.205 92.2721 46.1607 39.9236 54.0605 167.445 41.1031 49.4314 126.831 46.5861 46.0504 163.25 57.4688 134.492 91.1618 66.194 85.8431 8.58835 145.43 20.251 160.902 53.6531 51.2056 137.322 146.514 41.5506 69.3744 182.603 119.47 178.851 48.6271 143.608 101.387 169.816 69.8334 52.746 84.8097 185.169 143.569 184.058 
72.1375 79.5561 0 43.6099 71.9306 100.87 156.944 4.43643 101.009 98.3068 68.5366 124.147 23.6833 53.5286 175.297 51.9205 150.852 56.9275 104.086 84.4057 108.1 65.1405 74.1339 118.891 57.0289 125.59 66.1816 83.3458 124.071 37.231 85.9274 27.9947 80.0704 100.071 133.617 103.168 120.659 49.7574 62.5537 110.863 114.174 83.6939 44.1754 76.1992 20.7481 117.916 165.399 88.1445 81.1531 99.8071 96.6242 133.209 94.1304 73.0446 82.2369 63.7667 38.6848 118.326 55.1924 114.574 68.0461 79.3303 21.8305 90.2599 134.111 132.302 67.9711 120.892 79.2921 119.781 
57.4933 107.887 43.6099 0 54.9098 83.8491 139.924 39.1735 88.0351 57.2859 112.146 139.882 51.2168 9.91872 158.276 68.9413 133.831 13.3176 87.6063 107.564 91.0796 60.3716 46.8023 110.736 100.639 81.9805 49.1609 89.1124 107.05 39.4047 42.3175 15.6152 123.68 83.0499 121.905 59.5581 103.638 93.3673 63.3174 154.473 97.153 100.715 50.4184 59.1784 64.358 100.895 148.378 105.993 37.5432 110.89 53.0143 116.188 77.1096 45.3529 46.7357 66.3367 82.2947 74.7161 11.5825 70.9637 111.656 35.7204 40.9517 107.281 177.721 115.281 50.9503 77.282 47.8226 76.1706 
13.8906 64.2845 71.9306 54.9098 0 28.9393 85.0139 72.8566 44.4324 112.196 68.5437 96.2795 48.2473 53.5215 103.367 123.851 78.9216 56.9203 44.0036 63.9609 36.1698 16.7688 74.1267 67.1335 61.0745 125.583 24.3797 144.022 52.1406 94.3145 85.9203 67.5601 80.0776 28.1401 78.3024 107.134 50.8066 49.7645 118.227 110.871 42.2432 155.625 27.7552 70.2073 83.5363 45.9852 93.4686 62.3906 81.146 67.2868 96.617 61.2787 22.1998 100.263 101.646 22.7339 61.7489 118.319 55.1853 114.566 68.0532 79.3231 93.761 162.19 134.118 71.473 20.5252 120.885 79.2849 119.773 
28.7323 45.5094 100.87 83.8491 28.9393 0 56.0746 101.796 25.6572 141.135 77.3784 77.5044 77.1866 81.6853 74.4274 152.79 49.9823 85.0311 25.2285 45.1858 17.4228 35.7294 92.9018 48.3584 90.0138 144.358 43.1548 172.962 35.6809 123.254 104.695 96.4993 67.4745 5.58579 59.5273 136.074 32.0315 70.7452 147.166 92.0955 13.3039 184.564 56.6945 88.9825 112.476 20.6847 64.5293 43.6155 99.9211 48.5116 115.392 32.3394 6.73949 129.202 130.585 37.1032 90.6881 137.094 79.4778 133.342 69.9408 98.0982 122.7 191.13 115.343 52.6979 39.3004 139.66 98.06 138.549 
84.807 77.3883 156.944 139.924 85.0139 56.0746 0 157.87 55.9351 197.21 133.453 58.1826 133.261 137.76 18.3527 208.865 15.8488 141.106 52.8583 72.5388 48.8441 91.804 112.224 38.0534 146.088 163.68 90.7628 229.036 55.0027 179.328 135.57 152.574 123.549 56.8738 40.2055 192.148 36.2852 126.82 203.241 79.6705 42.7707 240.638 112.769 108.304 168.55 40.0065 22.8493 68.8 150.276 57.1373 134.714 23.7352 62.8141 185.277 186.659 93.1778 146.763 156.416 135.552 186.223 126.015 117.42 178.775 247.204 96.021 33.3761 88.9734 158.982 117.382 157.87 
73.0635 80.4821 4.43643 39.1735 72.8566 101.796 157.87 0 101.935 93.8703 72.973 125.073 24.6092 49.0922 176.223 50.9946 151.778 52.491 105.012 85.3317 109.026 66.0665 69.6974 119.817 61.4653 121.154 67.1076 78.9093 124.997 32.7946 81.491 23.5583 84.5069 100.997 134.543 98.7316 121.585 54.1938 58.1172 115.3 115.1 82.7679 45.1013 77.1252 25.1846 118.842 166.325 89.0704 76.7167 100.733 92.1877 134.135 95.0563 68.6082 77.8005 64.6927 43.1212 113.89 50.756 110.137 72.4825 74.8938 20.9045 89.3339 138.547 133.228 68.8971 116.455 74.8556 115.344 
30.5418 21.4533 101.009 88.0351 44.4324 25.6572 55.9351 101.935 0 142.732 77.5179 51.8472 77.3261 97.9538 74.2878 152.93 49.8428 101.353 3.07673 19.5286 43.0801 35.8689 118.559 22.7011 90.1533 170.016 68.8121 173.101 61.3381 123.393 130.353 96.6389 67.614 20.0714 33.8701 147.593 19.6499 70.8847 147.306 66.4383 26.1982 184.703 56.834 114.64 112.615 46.3419 64.3898 17.9583 125.578 22.8544 141.049 32.1999 31.3535 129.341 130.724 37.2427 90.8277 162.751 99.6176 158.999 70.0804 123.755 122.84 191.269 89.6855 31.2927 64.9576 165.317 123.717 164.206 
112.403 162.584 98.3068 57.2859 112.196 141.135 197.21 93.8703 142.732 0 166.843 194.579 105.914 59.4497 215.562 82.7684 191.117 56.1038 144.351 162.261 148.365 115.068 104.088 165.433 155.336 39.4077 106.447 31.8266 164.336 61.0757 61.6395 70.312 178.377 140.336 176.602 5.06122 160.924 148.064 35.7531 209.17 154.439 58.7823 105.115 116.464 119.055 158.181 205.664 160.69 46.9336 165.586 66.648 173.474 134.395 25.2621 16.0698 121.034 136.992 45.3937 61.6572 16.2669 166.353 85.2363 95.6485 49.9948 232.418 172.567 108.236 50.2556 105.108 61.6307 
54.6531 56.0646 68.5366 112.146 68.5437 77.3784 133.453 72.973 77.5179 166.843 0 100.655 60.9297 122.065 151.806 84.075 127.361 125.464 80.5946 60.9142 84.6089 51.7749 142.67 95.3996 12.6354 194.127 92.9235 151.882 100.58 105.768 154.464 96.5313 11.5339 76.5792 110.125 171.705 97.1678 18.7792 131.09 53.7825 90.6823 108.061 61.7281 138.751 47.7885 94.4243 141.908 64.653 149.69 76.3156 165.161 109.718 70.6389 141.581 150.774 45.8098 29.8518 186.863 123.729 183.11 7.43755 147.867 71.1948 122.644 66.248 108.811 89.069 189.429 147.829 188.317 
82.3889 44.5908 124.147 139.882 96.2795 77.5044 58.1826 125.073 51.8472 194.579 100.655 0 100.464 149.801 51.1503 176.067 74.0314 153.2 52.2759 39.7412 94.9272 79.5107 170.406 29.146 113.291 221.863 120.659 196.239 113.185 146.531 182.2 124.267 90.7515 71.9186 17.9771 199.44 45.4729 94.0222 170.443 46.8729 78.0454 207.841 89.4639 166.487 135.753 98.1891 41.2523 36.0024 177.425 28.9928 192.897 69.7641 83.2006 169.317 178.509 73.5456 113.965 214.598 151.465 210.846 93.2178 175.603 145.977 214.407 37.8384 24.8065 116.805 217.164 175.564 216.053 
48.4542 56.6705 23.6833 51.2168 48.2473 77.1866 133.261 24.6092 77.3261 105.914 60.9297 100.464 0 61.1355 151.614 75.6038 127.169 64.5343 80.4029 60.7224 84.4171 41.4572 81.7407 95.2078 49.422 133.197 42.4984 95.7749 100.388 46.0672 93.5343 35.6016 72.4636 76.3874 109.933 110.775 96.976 42.1505 70.1605 103.257 90.4905 107.377 20.4921 77.8213 35.2889 94.2325 141.716 64.4612 88.76 76.1239 104.231 109.526 70.4471 80.6515 89.8438 40.0834 31.0779 125.933 62.7993 122.181 60.4392 86.9371 45.5137 113.943 126.504 108.619 44.2878 128.499 86.8989 127.387 
67.4121 117.806 53.5286 9.91872 53.5215 81.6853 137.76 49.0922 97.9538 59.4497 122.065 149.801 61.1355 0 156.113 71.1051 131.668 3.39883 97.5251 117.482 88.9158 70.2903 44.6385 120.655 110.558 72.0618 46.997 91.2762 104.887 41.5685 32.3988 25.5339 133.599 80.8861 131.824 54.3884 104.328 103.286 65.4812 164.392 94.9892 102.879 60.3371 57.0146 74.2767 98.7312 146.215 115.912 27.6245 120.808 43.0955 114.025 74.9458 47.5167 48.8996 76.2554 92.2134 64.7974 2.20749 61.045 121.575 25.8016 50.8704 109.444 187.639 124.995 48.7865 67.3633 45.6588 66.2519 
103.16 95.7411 175.297 158.276 103.367 74.4274 18.3527 176.223 74.2878 215.562 151.806 51.1503 151.614 156.113 0 227.218 28.2353 159.458 71.2111 90.8915 67.1968 110.157 124.61 56.4062 164.441 176.155 109.116 247.389 67.3891 197.681 153.923 170.927 141.902 75.2266 41.6805 210.501 54.6379 145.173 221.594 98.0233 61.1235 258.991 131.122 120.691 186.903 57.3815 10.4629 87.1527 168.629 75.4901 148.914 42.088 81.1668 203.629 205.012 111.531 165.115 170.169 153.905 204.575 144.368 130.326 197.128 265.557 85.5577 42.9951 107.326 171.368 129.768 170.257 
124.058 131.477 51.9205 68.9413 123.851 152.79 208.865 50.9946 152.93 82.7684 84.075 176.067 75.6038 71.1051 227.218 0 202.773 67.7593 156.007 136.326 160.021 117.061 115.744 170.812 72.5673 110.052 118.102 67.8074 175.992 29.5366 73.295 56.2911 95.6088 151.991 185.537 87.6296 172.58 82.0452 47.0153 129.194 166.094 31.7734 96.0959 128.12 40.3149 169.836 217.32 140.065 65.6147 151.728 81.0858 185.13 146.051 57.5062 66.6985 115.687 62.1023 102.788 73.3126 99.0353 83.5845 96.8918 30.0901 38.5687 149.649 184.223 119.892 105.354 116.764 104.242 
78.7147 71.2961 150.852 133.831 78.9216 49.9823 15.8488 151.778 49.8428 191.117 127.361 74.0314 127.169 131.668 28.2353 202.773 0 135.013 46.7661 66.4465 42.7518 85.7117 96.3748 44.8854 139.996 151.71 84.6705 222.944 39.1538 173.236 129.478 146.482 117.457 50.7815 56.0543 186.056 30.1929 120.727 197.149 88.6225 36.6784 234.546 106.677 92.4554 162.458 32.9364 38.6982 62.7077 144.184 51.0451 124.469 17.6429 56.7218 179.184 180.567 87.0855 140.67 145.724 129.46 180.13 119.923 105.881 172.683 241.112 111.87 49.2249 82.8811 143.133 101.533 142.021 
70.8109 121.205 56.9275 13.3176 56.9203 85.0311 141.106 52.491 101.353 56.1038 125.464 153.2 64.5343 3.39883 159.458 67.7593 135.013 0 100.924 120.881 92.2617 73.6891 47.9844 124.054 113.956 68.663 50.3429 87.9304 108.232 38.2227 29 28.9327 136.998 84.2319 135.223 51.0426 107.727 106.685 62.1353 167.791 98.335 99.5327 63.736 60.3605 77.6756 102.077 149.56 119.311 24.2256 124.207 39.6967 117.371 78.2916 44.1708 45.5537 79.6542 95.6122 61.3985 5.55334 57.6462 124.974 29.1325 54.2692 106.099 191.038 128.393 52.1324 63.9645 49.0047 62.8531 
31.9486 24.53 104.086 87.6063 44.0036 25.2285 52.8583 105.012 3.07673 144.351 80.5946 52.2759 80.4029 97.5251 71.2111 156.007 46.7661 100.924 0 19.9573 42.6513 38.9456 118.13 23.1299 93.2301 169.587 68.3833 176.178 60.9093 126.47 129.924 99.7156 70.6907 19.6427 34.2989 147.164 16.5731 73.9614 150.383 66.8671 25.7695 187.78 59.9108 114.211 115.692 45.9131 61.3131 18.387 125.15 23.2832 140.621 29.1231 30.9247 132.418 133.801 40.3194 93.9044 162.322 99.1888 158.57 73.1571 123.327 125.917 194.346 90.1143 28.216 64.5288 164.888 123.288 163.777 
50.0703 4.84957 84.4057 107.564 63.9609 45.1858 72.5388 85.3317 19.5286 162.261 60.9142 39.7412 60.7224 117.482 90.8915 136.326 66.4465 120.881 19.9573 0 62.6086 47.1921 138.088 34.4853 73.5496 189.544 88.3406 156.497 80.8667 106.79 149.881 91.9485 51.0103 39.6 49.211 167.122 36.2536 54.281 130.702 46.9097 45.7268 168.1 57.1453 134.168 96.0114 65.8704 80.9935 3.73878 145.107 15.4014 160.578 48.8036 50.882 136.998 146.191 41.227 74.2239 182.28 119.146 178.527 53.4767 143.284 106.236 174.666 70.157 47.8964 84.4862 184.846 143.246 183.734 
35.9629 62.9322 108.1 91.0796 36.1698 17.4228 48.8441 109.026 43.0801 148.365 84.6089 94.9272 84.4171 88.9158 67.1968 160.021 42.7518 92.2617 42.6513 62.6086 0 42.9599 75.479 65.7812 97.2443 126.936 41.9188 180.192 18.258 130.484 87.2726 103.73 78.7253 23.0086 76.9502 143.304 49.4543 77.9757 154.397 109.518 16.8818 191.794 63.9251 71.5596 119.706 9.81534 59.594 61.0383 101.432 65.9345 97.9693 25.1631 13.97 136.432 137.815 44.3337 97.9187 119.671 86.7083 137.379 77.1714 80.6754 129.931 198.36 132.766 70.1208 40.1293 122.237 80.6372 121.126 
6.99702 47.5157 65.1405 60.3716 16.7688 35.7294 91.804 66.0665 35.8689 115.068 51.7749 79.5107 41.4572 70.2903 110.157 117.061 85.7117 73.6891 38.9456 47.1921 42.9599 0 90.8955 53.7505 54.2844 142.352 41.1485 137.232 58.9307 87.5244 102.689 60.77 63.3088 34.9302 68.4762 119.93 55.5188 35.0158 111.437 94.1018 49.0333 148.834 20.9651 86.9761 76.7462 52.7753 100.259 45.6218 97.9148 50.518 113.386 68.0688 28.9899 93.4726 98.9986 5.96513 54.9588 135.088 71.9541 131.335 51.2844 96.0919 86.9709 155.4 117.349 67.1616 37.2941 137.654 96.0537 136.542 
88.0173 138.411 74.1339 46.8023 74.1267 92.9018 112.224 69.6974 118.559 104.088 142.67 170.406 81.7407 44.6385 124.61 115.744 96.3748 47.9844 118.13 138.088 75.479 90.8955 0 141.26 131.163 64.6805 49.747 135.915 60.248 86.2071 42.4487 59.4526 154.204 98.4876 152.429 99.027 124.933 123.891 110.12 184.997 92.3608 147.517 80.9424 12.3761 94.882 72.2172 135.073 136.517 57.1546 141.413 37.4402 100.642 87.2056 92.1552 93.5381 96.8606 112.819 58.6945 42.431 93.1013 142.18 18.8518 85.6536 154.083 208.245 145.6 53.6015 53.8326 5.1582 45.6467 
53.2429 39.3349 118.891 110.736 67.1335 48.3584 38.0534 119.817 22.7011 165.433 95.3996 29.146 95.2078 120.655 56.4062 170.812 44.8854 124.054 23.1299 34.4853 65.7812 53.7505 141.26 0 108.035 192.717 91.5132 190.983 84.0392 141.275 153.054 114.521 85.4956 42.7726 14.7256 170.294 16.3269 88.7663 165.188 43.7372 48.8993 202.585 74.7157 137.341 130.497 69.043 46.5082 30.7466 148.279 19.0839 163.751 40.6181 54.0546 147.223 149.363 55.1243 108.709 185.452 122.319 181.7 87.962 146.457 140.721 209.151 66.9844 13.4111 87.6587 188.018 146.418 186.907 
61.2814 68.7001 57.0289 100.639 61.0745 90.0138 146.088 61.4653 90.1533 155.336 12.6354 113.291 49.422 110.558 164.441 72.5673 139.996 113.956 93.2301 73.5496 97.2443 54.2844 131.163 108.035 0 182.619 81.4157 140.375 113.215 94.2599 142.956 85.0236 23.0416 89.2146 122.761 160.197 109.803 19.2686 119.583 66.4179 103.318 96.5533 50.2204 127.243 36.2808 107.06 154.543 77.2884 138.182 88.9511 153.653 122.353 83.2743 130.073 139.266 52.9106 18.3441 175.355 112.221 171.603 20.073 136.359 59.6871 111.136 78.8834 121.446 77.5613 177.921 136.321 176.809 
139.474 189.868 125.59 81.9805 125.583 144.358 163.68 121.154 170.016 39.4077 194.127 221.863 133.197 72.0618 176.155 110.052 151.71 68.663 169.587 189.544 126.936 142.352 64.6805 192.717 182.619 0 101.204 71.2343 124.928 88.3594 39.663 97.5957 205.661 149.944 203.886 34.3465 176.39 175.348 63.0368 236.454 143.817 86.066 132.399 77.0566 146.339 123.674 186.53 187.974 44.4373 192.87 28.9663 152.099 138.662 52.5458 43.3535 148.317 164.275 7.26443 70.398 28.4209 193.637 46.2602 122.932 89.4025 259.701 197.056 105.058 10.8478 65.7008 22.2229 
38.2703 88.6642 66.1816 49.1609 24.3797 43.1548 90.7628 67.1076 68.8121 106.447 92.9235 120.659 42.4984 46.997 109.116 118.102 84.6705 50.3429 68.3833 88.3406 41.9188 41.1485 49.747 91.5132 81.4157 101.204 0 138.273 57.8895 88.5656 61.5406 61.8111 104.457 48.7406 102.682 101.385 75.1863 74.1442 112.478 135.25 47.9921 149.876 31.1954 45.8276 77.7873 51.7341 99.2175 86.7703 59.5131 91.6665 72.2373 67.0276 37.4586 94.5137 95.8966 47.1137 63.0716 93.9391 44.7895 95.4599 92.4329 54.9434 88.0121 156.442 158.498 95.8528 3.85447 96.5051 54.9052 95.3937 
144.229 151.648 83.3458 89.1124 144.022 172.962 229.036 78.9093 173.101 31.8266 151.882 196.239 95.7749 91.2762 247.389 67.8074 222.944 87.9304 176.178 156.497 180.192 137.232 135.915 190.983 140.375 71.2343 138.273 0 196.163 49.7077 93.4661 76.4622 163.416 172.162 205.708 36.8878 192.751 133.103 25.7951 194.209 186.265 43.8213 116.267 148.291 104.094 190.007 237.491 160.236 78.7601 171.899 98.4746 205.301 166.222 43.7596 42.3767 135.858 122.031 77.2203 93.4837 42.8134 151.392 117.063 80.6875 29.2387 217.457 204.394 140.063 82.0821 136.935 93.4572 
51.9336 81.1902 124.071 107.05 52.1406 35.6809 55.0027 124.997 61.3381 164.336 100.58 113.185 100.388 104.887 67.3891 175.992 39.1538 108.232 60.9093 80.8667 18.258 58.9307 60.248 84.0392 113.215 124.928 57.8895 196.163 0 146.455 102.697 119.701 96.9833 41.2667 95.2082 159.275 67.7124 93.9465 170.368 127.776 35.1399 207.765 79.8958 53.3016 135.677 14.9962 77.852 79.2964 117.403 84.1925 97.6882 43.4212 29.9846 152.403 153.786 60.3045 113.889 118.943 102.679 153.349 93.1421 79.0999 145.902 214.331 151.024 88.3788 56.1 114.081 62.3792 102.868 
94.5214 101.94 37.231 39.4047 94.3145 123.254 179.328 32.7946 123.393 61.0757 105.768 146.531 46.0672 41.5685 197.681 29.5366 173.236 38.2227 126.47 106.79 130.484 87.5244 86.2071 141.275 94.2599 88.3594 88.5656 49.7077 146.455 0 48.6964 26.7545 117.301 122.455 156.001 65.937 143.043 86.9884 25.3226 148.095 136.558 61.31 66.5593 98.5832 57.9791 140.3 187.783 110.528 43.9221 122.191 59.3932 155.593 116.514 35.8136 45.0059 86.1506 75.9158 81.095 43.776 77.3426 105.277 67.3552 34.5728 67.8759 171.342 154.686 90.355 83.6609 87.2274 82.5495 
99.8109 150.205 85.9274 42.3175 85.9203 104.695 135.57 81.491 130.353 61.6395 154.464 182.2 93.5343 32.3988 153.923 73.295 129.478 29 129.924 149.881 87.2726 102.689 42.4487 153.054 142.956 39.663 61.5406 93.4661 102.697 48.6964 0 57.9327 165.998 110.281 164.223 56.5783 136.727 135.685 67.671 196.791 104.154 105.068 92.7359 54.8248 106.676 96.5413 146.867 148.311 14.7059 153.207 10.6967 112.436 98.9992 49.7065 51.0894 108.654 124.612 32.3986 30.735 50.6526 153.974 23.5969 83.2692 111.634 220.038 157.393 65.395 34.9645 43.469 33.8531 
67.767 92.2721 27.9947 15.6152 67.5601 96.4993 152.574 23.5583 96.6389 70.312 96.5313 124.267 35.6016 25.5339 170.927 56.2911 146.482 28.9327 99.7156 91.9485 103.73 60.77 59.4526 114.521 85.0236 97.5957 61.8111 76.4622 119.701 26.7545 57.9327 0 108.065 95.7001 129.246 75.1733 116.289 77.7521 50.6671 138.858 109.803 88.0644 39.8048 71.8287 48.7429 113.545 161.029 90.3782 53.1584 95.4366 68.6294 128.839 89.7598 45.0499 54.2422 59.3962 66.6795 90.3313 27.1977 86.5789 96.0408 51.3355 26.201 94.6304 162.105 127.932 63.6006 92.8972 60.4729 91.7858 
66.187 46.1607 80.0704 123.68 80.0776 67.4745 123.549 84.5069 67.614 178.377 11.5339 90.7515 72.4636 133.599 141.902 95.6088 117.457 136.998 70.6907 51.0103 78.7253 63.3088 154.204 85.4956 23.0416 205.661 104.457 163.416 96.9833 117.301 165.998 108.065 0 66.6753 100.221 183.238 87.2639 30.3131 142.624 43.8785 80.7784 119.595 73.2619 150.285 59.3223 84.5204 132.004 54.7491 161.224 66.4117 176.695 99.8139 66.9987 153.115 162.307 57.3437 41.3857 198.396 135.263 194.644 12.0244 159.401 82.7287 134.178 56.3441 98.9067 100.603 200.962 159.362 199.851 
27.9331 39.9236 100.071 83.0499 28.1401 5.58579 56.8738 100.997 20.0714 140.336 76.5792 71.9186 76.3874 80.8861 75.2266 151.991 50.7815 84.2319 19.6427 39.6 23.0086 34.9302 98.4876 42.7726 89.2146 149.944 48.7406 172.162 41.2667 122.455 110.281 95.7001 66.6753 0 53.9415 135.275 26.4457 69.946 146.367 86.5097 14.1031 183.765 55.8953 94.5683 111.676 26.2705 65.3285 38.0297 105.507 42.9259 120.978 33.1386 11.282 128.403 129.786 36.304 89.8889 142.68 79.5462 138.927 69.1416 103.684 121.901 190.331 109.757 47.1121 44.8862 145.246 103.646 144.134 
64.4119 54.0605 133.617 121.905 78.3024 59.5273 40.2055 134.543 33.8701 176.602 110.125 17.9771 109.933 131.824 41.6805 185.537 56.0543 135.223 34.2989 49.211 76.9502 68.4762 152.429 14.7256 122.761 203.886 102.682 205.708 95.2082 156.001 164.223 129.246 100.221 53.9415 0 181.463 27.4958 103.492 179.913 56.3427 60.0683 217.311 89.4413 148.51 145.222 80.212 31.7825 45.4722 159.448 33.8095 174.919 51.787 65.2236 161.949 163.332 69.85 123.435 196.621 133.488 192.869 102.688 157.626 155.447 223.877 55.8155 6.8294 98.8277 199.187 157.587 198.076 
117.051 167.445 103.168 59.5581 107.134 136.074 192.148 98.7316 147.593 5.06122 171.705 199.44 110.775 54.3884 210.501 87.6296 186.056 51.0426 147.164 167.122 143.304 119.93 99.027 170.294 160.197 34.3465 101.385 36.8878 159.275 65.937 56.5783 75.1733 183.238 135.275 181.463 0 155.863 152.925 40.6144 214.032 149.378 63.6436 109.977 111.403 123.916 153.12 200.603 165.551 41.8723 170.448 61.5868 168.413 129.334 30.1234 20.9311 125.895 141.853 40.3325 56.5959 11.4056 171.214 80.1751 100.51 55.056 237.279 174.634 103.175 45.1943 100.047 56.5694 
48.5218 41.1031 120.659 103.638 50.8066 32.0315 36.2852 121.585 19.6499 160.924 97.1678 45.4729 96.976 104.328 54.6379 172.58 30.1929 107.727 16.5731 36.2536 49.4543 55.5188 124.933 16.3269 109.803 176.39 75.1863 192.751 67.7124 143.043 136.727 116.289 87.2639 26.4457 27.4958 155.863 0 90.5346 166.956 60.064 32.5725 204.353 76.4839 121.014 132.265 52.7162 44.7399 32.5148 131.953 20.8521 147.424 24.2912 37.7277 148.991 150.374 56.8926 110.478 169.125 105.992 165.373 89.7302 130.13 142.49 210.919 83.3113 20.6664 71.3319 171.691 130.092 170.58 
42.0128 49.4314 49.7574 93.3673 49.7645 70.7452 126.82 54.1938 70.8847 148.064 18.7792 94.0222 42.1505 103.286 145.173 82.0452 120.727 106.685 73.9614 54.281 77.9757 35.0158 123.891 88.7663 19.2686 175.348 74.1442 133.103 93.9465 86.9884 135.685 77.7521 30.3131 69.946 103.492 152.925 90.5346 0 112.311 61.1061 84.0491 113.819 42.9489 119.972 41.7304 87.7911 135.274 58.0198 130.91 69.6824 146.382 103.085 64.0057 122.802 131.994 33.642 19.9429 168.083 104.95 164.331 18.2887 129.088 52.4156 120.385 84.3534 102.177 70.2898 170.649 129.049 169.538 
118.434 126.831 62.5537 63.3174 118.227 147.166 203.241 58.1172 147.306 35.7531 131.09 170.443 70.1605 65.4812 221.594 47.0153 197.149 62.1353 150.383 130.702 154.397 111.437 110.12 165.188 119.583 63.0368 112.478 25.7951 170.368 25.3226 67.671 50.6671 142.624 146.367 179.913 40.6144 166.956 112.311 0 173.417 160.47 37.3973 90.4719 122.496 83.3018 164.212 211.696 134.441 52.9651 146.104 72.6795 179.506 140.427 17.9645 19.6833 110.063 101.238 55.7724 67.6887 52.02 130.6 91.2679 59.8954 43.9633 196.664 178.599 114.268 58.3383 111.14 67.6622 
96.9801 46.5861 110.863 154.473 110.871 92.0955 79.6705 115.3 66.4383 209.17 53.7825 46.8729 103.257 164.392 98.0233 129.194 88.6225 167.791 66.8671 46.9097 109.518 94.1018 184.997 43.7372 66.4179 236.454 135.25 194.209 127.776 148.095 196.791 138.858 43.8785 86.5097 56.3427 214.032 60.064 61.1061 173.417 0 92.6365 160.968 104.055 181.078 90.1154 112.78 88.1253 48.48 192.017 43.5839 207.488 84.3552 97.7918 183.908 193.1 88.1367 72.1787 229.189 166.056 225.437 46.3449 190.194 113.522 167.534 23.2473 55.0282 131.396 231.755 190.156 230.644 
42.0362 46.0504 114.174 97.153 42.2432 13.3039 42.7707 115.1 26.1982 154.439 90.6823 78.0454 90.4905 94.9892 61.1235 166.094 36.6784 98.335 25.7695 45.7268 16.8818 49.0333 92.3608 48.8993 103.318 143.817 47.9921 186.265 35.1399 136.558 104.154 109.803 80.7784 14.1031 60.0683 149.378 32.5725 84.0491 160.47 92.6365 0 197.868 69.9984 88.4415 125.779 20.1437 51.2254 44.1565 107.505 49.0526 114.851 19.0355 20.0434 142.506 143.889 50.4071 103.992 136.553 92.7817 143.452 83.2447 97.5572 136.004 204.434 115.884 53.2389 46.2027 139.119 97.519 138.008 
155.831 163.25 83.6939 100.715 155.625 184.564 240.638 82.7679 184.703 58.7823 108.061 207.841 107.377 102.879 258.991 31.7734 234.546 99.5327 187.78 168.1 191.794 148.834 147.517 202.585 96.5533 86.066 149.876 43.8213 207.765 61.31 105.068 88.0644 119.595 183.765 217.311 63.6436 204.353 113.819 37.3973 160.968 197.868 0 127.869 159.893 72.0882 201.61 249.093 171.838 90.3624 183.501 110.077 216.903 177.824 55.3618 53.979 147.461 93.8757 88.8225 105.086 75.0492 114.623 128.665 61.8635 14.5827 173.635 215.996 151.665 93.6844 148.537 105.06 
27.9622 57.4688 44.1754 50.4184 27.7552 56.6945 112.769 45.1013 56.834 105.115 61.7281 89.4639 20.4921 60.3371 131.122 96.0959 106.677 63.736 59.9108 57.1453 63.9251 20.9651 80.9424 74.7157 50.2204 132.399 31.1954 116.267 79.8958 66.5593 92.7359 39.8048 73.2619 55.8953 89.4413 109.977 76.4839 42.9489 90.4719 104.055 69.9984 127.869 0 77.023 55.781 73.7404 121.224 55.575 87.9616 60.4711 103.433 89.0339 49.955 79.8531 89.0454 19.5913 33.9936 125.134 62.0009 121.382 61.2376 86.1388 66.0058 134.435 127.302 88.1268 27.3409 127.7 86.1005 126.589 
84.0979 134.492 76.1992 59.1784 70.2073 88.9825 108.304 77.1252 114.64 116.464 138.751 166.487 77.8213 57.0146 120.691 128.12 92.4554 60.3605 114.211 134.168 71.5596 86.9761 12.3761 137.341 127.243 77.0566 45.8276 148.291 53.3016 98.5832 54.8248 71.8287 150.285 94.5683 148.51 111.403 121.014 119.972 122.496 181.078 88.4415 159.893 77.023 0 90.9626 68.2978 131.154 132.598 69.5307 137.494 49.8163 96.7228 83.2862 104.531 105.914 92.9413 108.899 71.0706 54.8071 105.477 138.261 31.228 98.0297 166.459 204.325 141.68 49.6821 66.2087 11.3558 54.8336 
83.7432 91.1618 20.7481 64.358 83.5363 112.476 168.55 25.1846 112.615 119.055 47.7885 135.753 35.2889 74.2767 186.903 40.3149 162.458 77.6756 115.692 96.0114 119.706 76.7462 94.882 130.497 36.2808 146.339 77.7873 104.094 135.677 57.9791 106.676 48.7429 59.3223 111.676 145.222 123.916 132.265 41.7304 83.3018 90.1154 125.779 72.0882 55.781 90.9626 0 129.521 177.005 99.7501 101.901 111.413 117.372 144.815 105.736 93.7927 102.985 75.3724 21.7874 139.074 75.9405 135.322 47.2979 100.078 23.4064 78.6542 113.363 143.908 79.5768 141.64 100.04 140.529 
45.7782 66.194 117.916 100.895 45.9852 20.6847 40.0065 118.842 46.3419 158.181 94.4243 98.1891 94.2325 98.7312 57.3815 169.836 32.9364 102.077 45.9131 65.8704 9.81534 52.7753 72.2172 69.043 107.06 123.674 51.7341 190.007 14.9962 140.3 96.5413 113.545 84.5204 26.2705 80.212 153.12 52.7162 87.7911 164.212 112.78 20.1437 201.61 73.7404 68.2978 129.521 0 62.8558 64.3001 111.247 69.1963 94.7075 28.425 23.7854 146.248 147.631 54.1491 107.734 116.409 96.5237 147.194 86.9867 77.4136 139.746 208.176 136.027 73.3826 49.9447 118.975 77.3754 117.864 
93.2617 85.8431 165.399 148.378 93.4686 64.5293 22.8493 166.325 64.3898 205.664 141.908 41.2523 141.716 146.215 10.4629 217.32 38.6982 149.56 61.3131 80.9935 59.594 100.259 135.073 46.5082 154.543 186.53 99.2175 237.491 77.852 187.783 146.867 161.029 132.004 65.3285 31.7825 200.603 44.7399 135.274 211.696 88.1253 51.2254 249.093 121.224 131.154 177.005 62.8558 0 77.2547 158.731 65.5921 157.563 34.4309 71.2688 193.731 195.114 101.633 155.217 179.265 144.007 194.677 134.47 140.269 187.23 255.659 75.6597 33.0971 97.4281 181.831 140.231 180.72 
48.5 8.58835 88.1445 105.993 62.3906 43.6155 68.8 89.0704 17.9583 160.69 64.653 36.0024 64.4612 115.912 87.1527 140.065 62.7077 119.311 18.387 3.73878 61.0383 45.6218 136.517 30.7466 77.2884 187.974 86.7703 160.236 79.2964 110.528 148.311 90.3782 54.7491 38.0297 45.4722 165.551 32.5148 58.0198 134.441 48.48 44.1565 171.838 55.575 132.598 99.7501 64.3001 77.2547 0 143.537 11.6627 159.008 45.0648 49.3117 135.428 144.62 39.6567 77.9627 180.709 117.576 176.957 57.2154 141.714 109.975 178.404 71.7273 44.1577 82.9159 183.275 141.676 182.164 
95.0365 145.43 81.1531 37.5432 81.146 99.9211 150.276 76.7167 125.578 46.9336 149.69 177.425 88.76 27.6245 168.629 65.6147 144.184 24.2256 125.15 145.107 101.432 97.9148 57.1546 148.279 138.182 44.4373 59.5131 78.7601 117.403 43.9221 14.7059 53.1584 161.224 105.507 159.448 41.8723 131.953 130.91 52.9651 192.017 107.505 90.3624 87.9616 69.5307 101.901 111.247 158.731 143.537 0 148.433 19.7144 126.541 94.2248 35.0006 36.3835 103.88 119.838 37.1729 25.9607 35.9467 149.199 38.3028 78.4949 96.9284 215.264 152.619 61.3026 39.7388 58.1749 38.6274 
53.3962 20.251 99.8071 110.89 67.2868 48.5116 57.1373 100.733 22.8544 165.586 76.3156 28.9928 76.1239 120.808 75.4901 151.728 51.0451 124.207 23.2832 15.4014 65.9345 50.518 141.413 19.0839 88.9511 192.87 91.6665 171.899 84.1925 122.191 153.207 95.4366 66.4117 42.9259 33.8095 170.448 20.8521 69.6824 146.104 43.5839 49.0526 183.501 60.4711 137.494 111.413 69.1963 65.5921 11.6627 148.433 0 163.904 40.7713 54.2079 140.324 149.517 44.5528 89.6254 185.606 122.472 181.853 68.8781 146.61 121.638 190.067 66.8311 32.495 87.812 188.172 146.572 187.06 
110.508 160.902 96.6242 53.0143 96.617 115.392 134.714 92.1877 141.049 66.648 165.161 192.897 104.231 43.0955 148.914 81.0858 124.469 39.6967 140.621 160.578 97.9693 113.386 37.4402 163.751 153.653 28.9663 72.2373 98.4746 97.6882 59.3932 10.6967 68.6294 176.695 120.978 174.919 61.5868 147.424 146.382 72.6795 207.488 114.851 110.077 103.433 49.8163 117.372 94.7075 157.563 159.008 19.7144 163.904 0 123.132 109.696 54.715 56.0979 119.351 135.309 21.7018 41.4318 55.6611 164.67 18.5884 93.9659 116.643 230.735 168.09 76.0918 24.2677 38.4605 23.1564 
61.0717 53.6531 133.209 116.188 61.2787 32.3394 23.7352 134.135 32.1999 173.474 109.718 69.7641 109.526 114.025 42.088 185.13 17.6429 117.371 29.1231 48.8036 25.1631 68.0688 100.642 40.6181 122.353 152.099 67.0276 205.301 43.4212 155.593 112.436 128.839 99.8139 33.1386 51.787 168.413 24.2912 103.085 179.506 84.3552 19.0355 216.903 89.0339 96.7228 144.815 28.425 34.4309 45.0648 126.541 40.7713 123.132 0 39.0789 161.541 162.924 69.4426 123.028 144.834 111.817 162.487 102.28 105.839 155.04 223.469 107.602 44.9576 65.2382 147.4 105.8 146.289 
21.9929 51.2056 94.1304 77.1096 22.1998 6.73949 62.8141 95.0563 31.3535 134.395 70.6389 83.2006 70.4471 74.9458 81.1668 146.051 56.7218 78.2916 30.9247 50.882 13.97 28.9899 87.2056 54.0546 83.2743 138.662 37.4586 166.222 29.9846 116.514 98.9992 89.7598 66.9987 11.282 65.2236 129.334 37.7277 64.0057 140.427 97.7918 20.0434 177.824 49.955 83.2862 105.736 23.7854 71.2688 49.3117 94.2248 54.2079 109.696 39.0789 0 122.462 123.845 30.3637 83.9486 131.398 72.7383 127.645 63.2013 92.402 115.961 184.39 121.039 58.3942 33.6041 133.964 92.3638 132.852 
100.47 137.322 73.0446 45.3529 100.263 129.202 185.277 68.6082 129.341 25.2621 141.581 169.317 80.6515 47.5167 203.629 57.5062 179.184 44.1708 132.418 136.998 136.432 93.4726 92.1552 147.223 130.073 52.5458 94.5137 43.7596 152.403 35.8136 49.7065 45.0499 153.115 128.403 161.949 30.1234 148.991 122.802 17.9645 183.908 142.506 55.3618 79.8531 104.531 93.7927 146.248 193.731 135.428 35.0006 140.324 54.715 161.541 122.462 0 9.19232 95.7714 111.729 45.2814 49.7242 41.529 141.091 73.3034 70.3864 61.9278 207.155 160.634 96.3032 47.8473 93.1755 49.6977 
101.852 146.514 82.2369 46.7357 101.646 130.585 186.659 77.8005 130.724 16.0698 150.774 178.509 89.8438 48.8996 205.012 66.6985 180.567 45.5537 133.801 146.191 137.815 98.9986 93.5381 149.363 139.266 43.3535 95.8966 42.3767 153.786 45.0059 51.0894 54.2422 162.307 129.786 163.332 20.9311 150.374 131.994 19.6833 193.1 143.889 53.979 89.0454 105.914 102.985 147.631 195.114 144.62 36.3835 149.517 56.0979 162.924 123.845 9.19232 0 104.964 120.922 36.0891 51.1071 32.3367 150.283 74.6862 79.5787 60.5449 216.348 162.017 97.6861 39.7055 94.5584 51.0805 
8.84335 41.5506 63.7667 66.3367 22.7339 37.1032 93.1778 64.6927 37.2427 121.034 45.8098 73.5456 40.0834 76.2554 111.531 115.687 87.0855 79.6542 40.3194 41.227 44.3337 5.96513 96.8606 55.1243 52.9106 148.317 47.1137 135.858 60.3045 86.1506 108.654 59.3962 57.3437 36.304 69.85 125.895 56.8926 33.642 110.063 88.1367 50.4071 147.461 19.5913 92.9413 75.3724 54.1491 101.633 39.6567 103.88 44.5528 119.351 69.4426 30.3637 95.7714 104.964 0 53.5849 141.053 77.9192 137.3 45.3193 102.057 85.5971 154.027 111.384 68.5354 43.2592 143.619 102.019 142.507 
61.9558 69.3744 38.6848 82.2947 61.7489 90.6881 146.763 43.1212 90.8277 136.992 29.8518 113.965 31.0779 92.2134 165.115 62.1023 140.67 95.6122 93.9044 74.2239 97.9187 54.9588 112.819 108.709 18.3441 164.275 63.0716 122.031 113.889 75.9158 124.612 66.6795 41.3857 89.8889 123.435 141.853 110.478 19.9429 101.238 72.1787 103.992 93.8757 33.9936 108.899 21.7874 107.734 155.217 77.9627 119.838 89.6254 135.309 123.028 83.9486 111.729 120.922 53.5849 0 157.011 93.8772 153.258 29.3613 118.015 41.343 100.442 95.426 122.12 59.2172 159.577 117.977 158.465 
132.209 182.603 118.326 74.7161 118.319 137.094 156.416 113.89 162.751 45.3937 186.863 214.598 125.933 64.7974 170.169 102.788 145.724 61.3985 162.322 182.28 119.671 135.088 58.6945 185.452 175.355 7.26443 93.9391 77.2203 118.943 81.095 32.3986 90.3313 198.396 142.68 196.621 40.3325 169.125 168.083 55.7724 229.189 136.553 88.8225 125.134 71.0706 139.074 116.409 179.265 180.709 37.1729 185.606 21.7018 144.834 131.398 45.2814 36.0891 141.053 157.011 0 63.1336 34.4068 186.372 39.8427 115.668 95.3885 252.437 189.792 97.7936 4.86188 59.7148 16.237 
69.0758 119.47 55.1924 11.5825 55.1853 79.4778 135.552 50.756 99.6176 61.6572 123.729 151.465 62.7993 2.20749 153.905 73.3126 129.46 5.55334 99.1888 119.146 86.7083 71.9541 42.431 122.319 112.221 70.398 44.7895 93.4837 102.679 43.776 30.735 27.1977 135.263 79.5462 133.488 56.5959 105.992 104.95 67.6887 166.056 92.7817 105.086 62.0009 54.8071 75.9405 96.5237 144.007 117.576 25.9607 122.472 41.4318 111.817 72.7383 49.7242 51.1071 77.9192 93.8772 63.1336 0 59.3812 123.238 24.1379 52.5342 111.652 189.303 126.658 46.579 65.6995 43.4513 64.5881 
128.457 178.851 114.574 70.9637 114.566 133.342 186.223 110.137 158.999 16.2669 183.11 210.846 122.181 61.045 204.575 99.0353 180.13 57.6462 158.57 178.527 137.379 131.335 93.1013 181.7 171.603 28.4209 95.4599 42.8134 153.349 77.3426 50.6526 86.5789 194.644 138.927 192.869 11.4056 165.373 164.331 52.02 225.437 143.452 75.0492 121.382 105.477 135.322 147.194 194.677 176.957 35.9467 181.853 55.6611 162.487 127.645 41.529 32.3367 137.3 153.258 34.4068 59.3812 0 182.62 74.2495 111.915 60.9816 248.684 186.04 97.2493 39.2687 94.1216 50.6438 
54.1626 48.6271 68.0461 111.656 68.0532 69.9408 126.015 72.4825 70.0804 166.353 7.43755 93.2178 60.4392 121.575 144.368 83.5845 119.923 124.974 73.1571 53.4767 77.1714 51.2844 142.18 87.962 20.073 193.637 92.4329 151.392 93.1421 105.277 153.974 96.0408 12.0244 69.1416 102.688 171.214 89.7302 18.2887 130.6 46.3449 83.2447 114.623 61.2376 138.261 47.2979 86.9867 134.47 57.2154 149.199 68.8781 164.67 102.28 63.2013 141.091 150.283 45.3193 29.3613 186.372 123.238 182.62 0 147.376 70.7043 122.153 66.0647 101.373 88.5785 188.938 147.338 187.827 
93.2137 143.608 79.3303 35.7204 79.3231 98.0982 117.42 74.8938 123.755 85.2363 147.867 175.603 86.9371 25.8016 130.326 96.8918 105.881 29.1325 123.327 143.284 80.6754 96.0919 18.8518 146.457 136.359 46.2602 54.9434 117.063 79.0999 67.3552 23.5969 51.3355 159.401 103.684 157.626 80.1751 130.13 129.088 91.2679 190.194 97.5572 128.665 86.1388 31.228 100.078 77.4136 140.269 141.714 38.3028 146.61 18.5884 105.839 92.402 73.3034 74.6862 102.057 118.015 39.8427 24.1379 74.2495 147.376 0 76.672 135.231 213.441 150.796 58.7979 41.5617 19.8721 40.4503 
93.968 101.387 21.8305 40.9517 93.761 122.7 178.775 20.9045 122.84 95.6485 71.1948 145.977 45.5137 50.8704 197.128 30.0901 172.683 54.2692 125.917 106.236 129.931 86.9709 85.6536 140.721 59.6871 122.932 88.0121 80.6875 145.902 34.5728 83.2692 26.201 82.7287 121.901 155.447 100.51 142.49 52.4156 59.8954 113.522 136.004 61.8635 66.0058 98.0297 23.4064 139.746 187.23 109.975 78.4949 121.638 93.9659 155.04 115.961 70.3864 79.5787 85.5971 41.343 115.668 52.5342 111.915 70.7043 76.672 0 68.4294 136.769 154.133 89.8016 118.234 86.6739 117.122 
162.397 169.816 90.2599 107.281 162.19 191.13 247.204 89.3339 191.269 49.9948 122.644 214.407 113.943 109.444 265.557 38.5687 241.112 106.099 194.346 174.666 198.36 155.4 154.083 209.151 111.136 89.4025 156.442 29.2387 214.331 67.8759 111.634 94.6304 134.178 190.331 223.877 55.056 210.919 120.385 43.9633 167.534 204.434 14.5827 134.435 166.459 78.6542 208.176 255.659 178.404 96.9284 190.067 116.643 223.469 184.39 61.9278 60.5449 154.027 100.442 95.3885 111.652 60.9816 122.153 135.231 68.4294 0 188.218 222.562 158.231 100.25 155.103 111.625 
120.227 69.8334 134.111 177.721 134.118 115.343 96.021 138.547 89.6855 232.418 66.248 37.8384 126.504 187.639 85.5577 149.649 111.87 191.038 90.1143 70.157 132.766 117.349 208.245 66.9844 78.8834 259.701 158.498 217.457 151.024 171.342 220.038 162.105 56.3441 109.757 55.8155 237.279 83.3113 84.3534 196.664 23.2473 115.884 173.635 127.302 204.325 113.363 136.027 75.6597 71.7273 215.264 66.8311 230.735 107.602 121.039 207.155 216.348 111.384 95.426 252.437 189.303 248.684 66.0647 213.441 136.769 188.218 0 62.6449 154.643 255.003 213.403 253.891 
60.1646 52.746 132.302 115.281 71.473 52.6979 33.3761 133.228 31.2927 172.567 108.811 24.8065 108.619 124.995 42.9951 184.223 49.2249 128.393 28.216 47.8964 70.1208 67.1616 145.6 13.4111 121.446 197.056 95.8528 204.394 88.3788 154.686 157.393 127.932 98.9067 47.1121 6.8294 174.634 20.6664 102.177 178.599 55.0282 53.2389 215.996 88.1268 141.68 143.908 73.3826 33.0971 44.1577 152.619 32.495 168.09 44.9576 58.3942 160.634 162.017 68.5354 122.12 189.792 126.658 186.04 101.373 150.796 154.133 222.562 62.6449 0 91.9983 192.358 150.758 191.246 
34.4158 84.8097 67.9711 50.9503 20.5252 39.3004 88.9734 68.8971 64.9576 108.236 89.069 116.805 44.2878 48.7865 107.326 119.892 82.8811 52.1324 64.5288 84.4862 40.1293 37.2941 53.6015 87.6587 77.5613 105.058 3.85447 140.063 56.1 90.355 65.395 63.6006 100.603 44.8862 98.8277 103.175 71.3319 70.2898 114.268 131.396 46.2027 151.665 27.3409 49.6821 79.5768 49.9447 97.4281 82.9159 61.3026 87.812 76.0918 65.2382 33.6041 96.3032 97.6861 43.2592 59.2172 97.7936 46.579 97.2493 88.5785 58.7979 89.8016 158.231 154.643 91.9983 0 100.36 58.7597 99.2481 
134.775 185.169 120.892 77.282 120.885 139.66 158.982 116.455 165.317 50.2556 189.429 217.164 128.499 67.3633 171.368 105.354 143.133 63.9645 164.888 184.846 122.237 137.654 53.8326 188.018 177.921 10.8478 96.5051 82.0821 114.081 83.6609 34.9645 92.8972 200.962 145.246 199.187 45.1943 171.691 170.649 58.3383 231.755 139.119 93.6844 127.7 66.2087 141.64 118.975 181.831 183.275 39.7388 188.172 24.2677 147.4 133.964 47.8473 39.7055 143.619 159.577 4.86188 65.6995 39.2687 188.938 41.5617 118.234 100.25 255.003 192.358 100.36 0 54.8529 11.3751 
93.1755 143.569 79.2921 47.8226 79.2849 98.06 117.382 74.8556 123.717 105.108 147.829 175.564 86.8989 45.6588 129.768 116.764 101.533 49.0047 123.288 143.246 80.6372 96.0537 5.1582 146.418 136.321 65.7008 54.9052 136.935 62.3792 87.2274 43.469 60.4729 159.362 103.646 157.587 100.047 130.092 129.049 111.14 190.156 97.519 148.537 86.1005 11.3558 100.04 77.3754 140.231 141.676 58.1749 146.572 38.4605 105.8 92.3638 93.1755 94.5584 102.019 117.977 59.7148 43.4513 94.1216 147.338 19.8721 86.6739 155.103 213.403 150.758 58.7597 54.8529 0 43.4778 
133.664 184.058 119.781 76.1706 119.773 138.549 157.87 115.344 164.206 61.6307 188.317 216.053 127.387 66.2519 170.257 104.242 142.021 62.8531 163.777 183.734 121.126 136.542 45.6467 186.907 176.809 22.2229 95.3937 93.4572 102.868 82.5495 33.8531 91.7858 199.851 144.134 198.076 56.5694 170.58 169.538 67.6622 230.644 138.008 105.06 126.589 54.8336 140.529 117.864 180.72 182.164 38.6274 187.06 23.1564 146.289 132.852 49.6977 51.0805 142.507 158.465 16.237 64.5881 50.6438 187.827 40.4503 117.122 111.625 253.891 191.246 99.2481 11.3751 43.4778 0 
