70 70 71 140 
71 20.5518 75.6037
72 21.3993 70.3248
73 96.0198 87.9205
74 12.8758 37.2325
75 93.4252 46.9806
76 103.393 29.5168
77 194.42 81.3801
78 128.148 36.3066
79 61.2396 20.9348
80 48.8362 12.8428
81 17.2676 21.5793
82 52.9677 48.4805
83 22.0195 9.02515
84 117.4 79.6841
85 146.497 69.7208
86 120.517 95.1762
87 24.1563 78.7213
88 182.247 69.316
89 26.4744 47.4466
90 167.921 75.0638
91 8.18777 19.1251
92 1.35119 29.8562
93 147.119 90.8265
94 185.448 49.584
95 188.591 83.2926
96 75.1689 4.82193
97 182.786 16.3678
98 192.793 76.7513
99 1.238 54.2727
100 104.7 50.0852
101 170.977 62.7127
102 101.629 88.5785
103 74.7036 0
104 68.3027 39.4062
105 75.117 61.6386
106 161.01 25.768
107 192.58 26.1081
108 66.1863 69.6233
109 136.228 82.1371
110 45.9419 13.661
111 54.3255 35.7817
112 197.837 59.8756
113 46.3431 97.3373
114 92.5991 1.7475
115 27.3158 79.5974
116 18.5295 74.2063
117 103.353 35.8523
118 186.188 34.2841
119 131.272 23.4681
120 197.563 11.7974
121 181.44 30.5257
122 8.25341 89.602
123 181.626 92.5693
124 189.721 14.0539
125 79.4534 88.9458
126 94.0409 66.7885
127 164.445 36.9865
128 90.099 89.1366
129 102.342 44.769
130 112.091 94.8591
131 182.046 82.468
132 98.6763 95.6449
133 9.78355 0.0350097
134 118.945 40.2721
135 44.893 80.4693
136 190.445 61.0868
137 185.522 8.00425
138 16.9462 17.2436
139 197.095 87.4168
140 164.833 82.1654
0 6.12649 87.7848 46.0472 101.497 128.928 179.644 146.894 95.3568 91.0453 57.3085 59.5391 68.0463 100.928 131.828 119.538 6.72216 167.983 34.0797 147.909 68.8426 64.9481 141.79 190.916 175.728 125.399 221.47 173.389 40.6448 109.667 163.316 94.0524 129.756 83.9485 68.5304 190.294 221.524 51.615 122.21 87.3328 73.5957 193.013 47.5249 145.904 10.7577 3.41969 122.552 206.956 162.856 240.817 205.966 26.2967 178.039 230.719 72.2437 82.3043 182.51 83.0801 112.625 110.795 168.359 98.1657 86.3369 133.725 29.2069 184.41 232.569 61.9657 188.356 150.843 
6.12649 0 92.2162 41.6158 95.37 122.802 184.076 140.767 89.2303 84.9188 52.8771 53.4127 61.9198 105.36 125.702 123.97 11.1536 161.857 27.9532 151.26 64.4112 60.5167 146.221 184.789 180.159 119.272 215.343 177.82 36.2134 103.54 157.19 98.4838 123.629 77.822 62.4039 184.167 215.398 45.4885 126.641 81.2063 67.4692 186.887 51.9563 139.777 15.1891 6.75128 116.426 200.83 156.73 234.691 199.84 32.4231 182.471 224.592 76.6751 76.1779 176.384 87.5115 106.498 115.226 172.79 102.597 81.9055 127.599 33.6383 178.284 226.443 57.5343 192.787 155.274 
87.7848 92.2162 0 133.832 43.5344 65.7769 104.94 83.7425 101.766 122.261 145.093 82.492 152.896 29.6164 68.6769 31.7533 81.0626 104.832 110.019 84.7574 156.627 152.733 54.0049 127.764 97.1987 103.949 158.318 107.942 128.43 46.5156 100.165 6.26758 109.237 76.2313 47.1847 127.142 158.373 48.1307 45.9917 124.337 93.833 129.862 59.0935 89.5937 77.0271 91.2045 59.4011 143.805 99.7049 177.666 142.815 89.448 90.2545 167.567 17.5917 23.1109 119.359 7.13685 49.4732 23.0099 91.4788 10.3809 174.122 70.5738 58.5779 121.259 169.418 149.751 101.579 74.5681 
46.0472 41.6158 133.832 0 90.2976 98.233 225.692 116.199 64.6615 60.3501 20.045 51.34 37.3511 146.976 166.109 165.585 52.7694 201.455 23.8128 192.876 22.7953 18.9009 187.837 184.923 221.775 94.7037 190.775 219.436 28.6779 104.677 183.581 140.1 99.0604 57.6007 86.6474 159.598 190.829 85.7013 168.257 56.6376 42.9005 207.604 93.5722 115.208 56.8049 42.6275 91.8572 176.261 132.161 210.122 175.271 56.9919 224.087 200.023 118.291 110.721 151.815 129.127 97.0024 156.842 214.406 144.213 40.2897 109.109 75.2541 201.424 201.874 24.0593 234.403 196.89 
101.497 95.37 43.5344 90.2976 0 27.4317 135.394 45.3973 58.2315 78.7269 101.559 41.9574 109.361 56.678 75.8118 75.2877 101.01 111.158 67.4168 102.578 113.093 109.199 97.5393 94.6258 131.477 60.415 119.973 129.139 99.4792 14.3794 93.2837 49.802 65.7022 32.6969 32.9661 88.797 120.028 49.8815 77.9594 80.8029 50.2986 117.307 97.4388 46.0593 98.7262 102.121 21.0559 105.46 61.3597 139.321 104.47 127.793 133.789 129.222 55.9369 20.4235 81.0136 45.4821 11.128 66.5443 124.108 53.9153 130.587 32.2285 82.0208 111.126 131.073 106.216 144.106 106.592 
128.928 122.802 65.7769 98.233 27.4317 0 142.89 31.5452 50.7354 71.2308 94.0629 69.3891 101.865 64.174 83.3079 82.7838 128.441 118.654 94.8485 110.074 105.597 102.381 105.035 102.122 138.973 52.919 92.5415 136.635 126.911 21.8754 100.78 60.8254 58.2062 44.9798 60.3978 61.3653 92.596 77.3132 85.4555 73.3069 55.3325 124.803 124.87 38.5632 126.158 129.553 6.37581 87.5628 33.928 111.889 79.0558 155.225 141.285 101.79 83.3686 46.6239 68.5213 72.9138 16.3037 74.0404 131.604 70.8449 123.091 26.3075 109.453 118.622 103.641 98.7201 151.602 114.088 
179.644 184.076 104.94 225.692 135.394 142.89 0 111.345 193.626 214.121 236.953 174.352 244.755 78.7161 59.5822 87.6985 172.922 24.2366 201.879 32.8157 248.487 244.593 56.7475 40.7683 7.74164 195.809 76.6466 6.25553 220.289 121.015 42.1104 99.9888 201.096 168.091 139.044 89.0224 57.1114 139.99 58.9486 216.197 185.693 24.9218 164.034 181.453 168.887 183.064 136.595 55.3273 121.06 72.7257 63.8343 194.388 23.9834 72.0255 122.532 114.971 74.3688 112.077 128.689 95.8077 13.4616 110.008 265.981 116.583 150.438 24.268 82.274 241.61 8.7115 30.3723 
146.894 140.767 83.7425 116.199 45.3973 31.5452 111.345 0 82.2806 102.776 125.608 87.3547 133.41 54.1261 51.7627 66.5007 146.407 87.1084 112.814 78.5293 137.142 133.248 73.4902 70.5767 107.428 84.4642 74.5759 105.089 144.877 37.2269 69.2345 78.791 89.7514 62.9453 78.3634 43.3997 74.6304 95.2788 53.9103 104.852 74.3477 93.2577 142.836 70.1084 144.123 147.519 25.2499 60.0625 15.9624 93.9235 59.0725 173.19 109.74 83.8249 101.334 64.5895 36.9761 90.8794 34.2693 74.6099 100.059 88.8105 154.636 13.1688 127.418 87.077 85.6756 130.265 120.056 82.5431 
95.3568 89.2303 101.766 64.6615 58.2315 50.7354 193.626 82.2806 0 20.4954 44.6166 35.8176 51.1297 114.909 134.043 133.519 94.8698 169.389 61.2771 160.81 54.8615 68.8098 155.771 152.857 189.709 30.0422 126.113 187.37 93.3395 72.6109 151.515 108.033 34.3988 25.5345 54.5812 104.603 136.514 53.6352 136.191 22.5714 21.761 175.538 91.299 50.5468 92.5864 95.9816 57.0308 138.298 72.566 145.461 129.791 121.653 192.02 135.362 86.2248 78.655 119.257 97.0612 64.9363 124.776 182.34 112.147 72.3558 77.043 75.8811 169.358 137.213 47.9846 202.337 164.824 
91.0453 84.9188 122.261 60.3501 78.7269 71.2308 214.121 102.776 20.4954 0 40.3051 39.7693 30.6343 135.405 154.539 154.015 90.5584 189.884 56.9656 181.305 46.9307 64.4983 176.266 173.353 210.204 34.3536 137.474 207.865 89.028 93.1063 172.011 128.529 38.7103 46.0299 75.0766 125.099 157.01 74.1306 156.686 3.71248 28.4282 196.034 86.9875 54.8582 88.275 91.6701 77.5261 158.794 93.0614 149.772 150.287 117.342 212.516 142.095 106.72 99.1504 139.752 117.557 85.4316 145.271 202.835 132.642 51.8605 97.5384 71.5696 189.853 141.524 36.2908 222.832 185.319 
57.3085 52.8771 145.093 20.045 101.559 94.0629 236.953 125.608 44.6166 40.3051 0 62.6013 17.3061 158.237 177.371 176.847 64.0307 212.716 35.0741 204.137 11.534 24.1932 199.098 196.185 233.036 74.6588 170.73 230.697 48.7229 115.938 194.843 151.361 79.0154 68.862 97.9087 147.931 179.842 96.9626 179.518 36.5926 51.2603 218.866 104.833 95.1634 68.0662 53.8888 100.358 181.626 115.893 190.077 173.119 77.0369 235.348 179.979 129.552 121.982 162.584 140.389 108.264 168.103 225.667 155.474 29.0284 120.37 86.5154 212.685 181.829 4.65719 245.665 208.151 
59.5391 53.4127 82.492 51.34 41.9574 69.3891 174.352 87.3547 35.8176 39.7693 62.6013 0 70.4036 95.6356 114.769 114.245 59.0522 150.115 27.5273 141.536 74.1354 70.2409 136.497 133.583 170.435 65.8598 161.931 168.096 57.5219 53.337 132.241 88.7596 70.2164 24.4093 35.3074 130.754 161.985 34.3613 116.917 41.8453 14.0566 156.264 55.4814 86.3644 56.7688 60.1639 63.0133 147.417 103.317 181.278 146.427 85.8358 172.747 171.18 66.951 59.3811 122.971 77.7873 53.0854 105.502 163.066 92.873 91.6297 74.1859 40.0634 150.084 173.03 67.2585 183.063 145.55 
68.0463 61.9198 152.896 37.3511 109.361 101.865 244.755 133.41 51.1297 30.6343 17.3061 70.4036 0 166.039 185.173 184.649 71.833 220.519 42.8763 211.94 23.9317 41.4994 206.901 203.987 240.839 57.3526 168.109 238.5 66.029 123.741 202.645 159.163 61.7093 76.6643 105.711 155.733 187.644 104.765 187.321 28.5583 59.0626 226.668 112.636 77.8572 75.8685 68.6711 108.16 189.428 123.696 178.315 180.921 94.343 243.15 172.73 137.355 129.785 170.386 148.191 116.066 175.906 233.469 163.277 21.2261 128.173 94.3177 220.487 164.523 13.2918 253.467 215.953 
100.928 105.36 29.6164 146.976 56.678 64.174 78.7161 54.1261 114.909 135.405 158.237 95.6356 166.039 0 39.0605 18.6097 94.2062 75.2156 123.163 55.141 169.771 165.877 40.8613 98.1479 74.7994 117.093 128.702 78.3261 141.573 42.2986 70.5483 24.6649 122.38 89.3749 60.3283 97.5259 128.757 61.2743 21.2814 137.481 106.977 100.246 88.7099 102.737 90.1707 104.348 57.8787 114.189 70.0885 148.05 113.199 119.064 77.1109 137.951 47.2081 36.2545 89.7425 36.7532 49.9732 20.4838 67.4303 34.6844 187.265 40.9574 73.292 91.6427 139.802 162.894 87.4276 49.9142 
131.828 125.702 68.6769 166.109 75.8118 83.3079 59.5822 51.7627 134.043 154.539 177.371 114.769 185.173 39.0605 0 51.435 131.341 36.1551 142.297 26.7666 188.905 185.01 21.7275 59.0875 55.6656 136.227 89.6416 53.3267 160.707 61.4324 31.4879 63.7254 141.514 108.509 79.4621 58.4654 89.6961 80.4082 22.6852 156.615 126.11 61.1853 127.77 121.871 129.058 132.453 77.0126 75.1281 61.4773 108.989 74.1381 158.125 57.9771 98.8905 86.2686 55.3884 50.682 75.8137 69.1071 59.5443 48.2964 73.7449 206.399 57.0003 112.352 52.5822 100.741 182.028 68.2937 30.7804 
119.538 123.97 31.7533 165.585 75.2877 82.7838 87.6985 66.5007 133.519 154.015 176.847 114.245 184.649 18.6097 51.435 0 112.816 87.5901 141.773 67.5156 188.381 184.486 30.951 110.522 79.9568 135.703 141.077 90.7006 160.183 60.9083 82.9229 25.4857 140.99 107.985 78.938 109.9 141.131 79.884 28.7499 156.091 125.586 112.62 76.3354 121.347 108.78 122.958 76.4884 126.563 82.463 160.424 125.573 117.838 63.715 150.326 47.2944 54.8642 102.117 36.458 68.5829 8.74338 74.2369 22.3099 205.875 56.4762 90.3313 104.017 152.176 181.504 84.3367 57.3262 
6.72216 11.1536 81.0626 52.7694 101.01 128.441 172.922 146.407 94.8698 90.5584 64.0307 59.0522 71.833 94.2062 131.341 112.816 0 167.496 33.5927 147.422 75.5647 71.6703 135.068 190.429 169.006 124.912 220.983 170.607 47.367 109.18 162.829 87.3302 129.269 83.4615 68.0435 189.807 221.037 51.128 115.488 86.8459 73.1088 192.527 40.8028 145.417 4.03555 10.1418 122.065 206.469 162.369 240.33 205.479 26.7836 171.317 230.232 65.5216 81.8174 182.023 76.358 112.138 104.073 161.637 91.4436 93.0591 133.238 22.4847 183.923 232.082 68.6879 181.634 144.12 
167.983 161.857 104.832 201.455 111.158 118.654 24.2366 87.1084 169.389 189.884 212.716 150.115 220.519 75.2156 36.1551 87.5901 167.496 0 177.642 20.0745 224.25 220.356 56.6391 22.9323 20.3199 171.573 53.4865 17.9811 196.053 96.7781 17.8738 99.8805 176.86 143.854 114.808 64.7858 53.541 116.368 58.8403 191.96 161.456 25.0302 163.926 157.217 165.213 168.608 112.358 38.973 96.823 72.8341 39.5977 194.28 23.8751 62.7354 122.424 90.734 50.1322 111.969 104.453 95.6994 13.3532 109.9 241.745 92.346 148.508 16.4271 64.5861 217.374 32.9481 30.2639 
34.0797 27.9532 110.019 23.8128 67.4168 94.8485 201.879 112.814 61.2771 56.9656 35.0741 27.5273 42.8763 123.163 142.297 141.773 33.5927 177.642 0 169.063 46.6081 42.7136 164.024 161.111 197.962 91.3193 187.39 195.623 32.0624 80.8643 159.769 116.287 95.6759 49.8688 62.8346 156.214 187.445 61.8886 144.444 53.2531 39.516 183.792 69.7594 111.824 32.9922 34.7045 88.4727 172.877 128.777 206.738 171.887 60.3763 200.274 196.639 94.4782 86.9084 148.43 105.315 78.5448 133.029 190.593 120.4 64.1024 99.6454 51.4413 177.611 198.49 39.7312 210.59 173.077 
147.909 151.26 84.7574 192.876 102.578 110.074 32.8157 78.5293 160.81 181.305 204.137 141.536 211.94 55.141 26.7666 67.5156 147.422 20.0745 169.063 0 215.671 211.777 36.5646 43.0069 28.899 162.993 73.561 26.5601 187.474 88.199 15.4073 79.806 168.281 135.275 106.229 56.2067 73.6155 107.175 38.7657 183.381 152.877 45.1047 143.851 148.638 145.138 150.249 103.779 59.0475 88.2439 92.9086 58.0575 174.205 31.2105 82.81 102.349 82.1549 41.5532 91.8943 95.8737 75.6249 21.5298 89.8255 233.166 83.7669 128.433 36.5016 84.6606 208.795 41.5272 10.1894 
68.8426 64.4112 156.627 22.7953 113.093 105.597 248.487 137.142 54.8615 46.9307 11.534 74.1354 23.9317 169.771 188.905 188.381 75.5647 224.25 46.6081 215.671 0 17.5676 210.632 207.719 244.57 81.2844 177.355 242.232 42.0973 127.472 206.377 162.895 85.641 80.396 109.443 159.465 191.376 108.497 191.052 43.2182 62.7944 230.4 116.368 101.789 79.6003 65.4229 111.892 193.16 127.428 196.703 184.653 70.5425 246.882 186.604 141.086 133.516 174.118 151.923 119.798 179.637 237.201 167.008 20.6859 131.904 98.0494 224.219 188.455 10.6399 257.199 219.685 
64.9481 60.5167 152.733 18.9009 109.199 102.381 244.593 133.248 68.8098 64.4983 24.1932 70.2409 41.4994 165.877 185.01 184.486 71.6703 220.356 42.7136 211.777 17.5676 0 206.738 203.824 240.676 98.852 194.923 238.337 24.5297 123.578 202.482 159 103.209 76.5016 105.548 163.747 194.977 104.602 187.158 60.7859 58.8999 226.505 112.473 119.357 75.7058 61.5284 107.998 189.265 136.309 214.27 180.758 66.6481 242.987 204.172 137.192 129.622 170.224 148.028 115.903 175.743 233.307 163.114 38.2535 128.01 94.155 220.325 206.022 28.2076 253.304 215.791 
141.79 146.221 54.0049 187.837 97.5393 105.035 56.7475 73.4902 155.771 176.266 199.098 136.497 206.901 40.8613 21.7275 30.951 135.068 56.6391 164.024 36.5646 210.632 206.738 0 79.5715 49.0058 157.954 110.126 59.7496 182.435 83.1599 51.9719 47.7373 163.242 130.236 101.19 78.9494 110.18 102.136 19.5799 178.342 147.838 81.6693 107.286 143.599 131.032 145.209 98.74 95.6121 83.2048 129.473 94.6221 140.09 36.2496 119.375 69.546 77.1158 71.166 58.7096 90.8345 39.0603 43.2859 53.2609 228.127 78.7278 112.583 73.0662 121.225 203.755 53.3857 26.3752 
190.916 184.789 127.764 184.923 94.6258 102.122 40.7683 70.5767 152.857 173.353 196.185 133.583 203.987 98.1479 59.0875 110.522 190.429 22.9323 161.111 43.0069 207.719 203.824 79.5715 0 36.8517 155.041 35.8783 34.5128 188.898 81.2487 27.5996 122.813 160.328 127.323 122.385 48.2541 30.6086 139.301 81.7726 175.429 144.924 22.681 186.858 140.685 188.145 191.54 95.8265 16.0407 80.2912 49.9017 23.066 217.212 46.8074 39.8031 145.356 108.611 33.6005 134.901 87.921 118.632 36.2856 132.832 225.213 75.8143 171.44 16.5003 41.6538 200.842 49.4798 53.1963 
175.728 180.159 97.1987 221.775 131.477 138.973 7.74164 107.428 189.709 210.204 233.036 170.435 240.839 74.7994 55.6656 79.9568 169.006 20.3199 197.962 28.899 244.57 240.676 49.0058 36.8517 0 191.892 72.7299 10.7438 216.373 117.098 38.1938 92.2472 197.18 164.174 135.128 85.1057 61.1743 136.074 53.518 212.28 181.776 32.6635 156.292 177.537 164.97 179.148 132.678 51.4107 117.143 80.4674 59.9177 186.647 16.2418 70.3687 114.79 111.054 70.4522 104.336 124.773 88.0661 7.36918 102.267 262.065 112.666 146.521 24.0604 78.3574 237.694 12.6281 24.8852 
125.399 119.272 103.949 94.7037 60.415 52.919 195.809 84.4642 30.0422 34.3536 74.6588 65.8598 57.3526 117.093 136.227 135.703 124.912 171.573 91.3193 162.993 81.2844 98.852 157.954 155.041 191.892 0 119.163 189.554 123.382 74.7944 153.699 110.217 5.28721 41.4505 56.8685 106.787 138.698 73.784 138.374 38.0661 51.8032 177.722 121.341 20.5046 122.629 126.024 59.2143 140.482 74.7496 129.369 131.975 151.696 194.204 123.784 88.4084 80.8385 121.44 99.2448 67.1198 126.959 184.523 114.33 70.1723 79.2265 105.923 171.541 113.535 70.6444 204.521 167.007 
221.47 215.343 158.318 190.775 119.973 92.5415 76.6466 74.5759 126.113 137.474 170.73 161.931 168.109 128.702 89.6416 141.077 220.983 53.4865 187.39 73.561 177.355 194.923 110.126 35.8783 72.7299 119.163 0 70.391 219.452 111.803 58.1537 153.367 124.45 137.521 152.939 31.1762 19.5352 169.855 112.327 139.55 147.874 58.5593 217.412 104.807 218.699 222.095 98.9173 21.3192 58.6136 19.3476 15.5035 247.766 77.3616 9.24895 175.91 139.165 38.9596 165.455 108.845 149.186 66.8397 163.386 189.335 87.7447 201.994 52.3786 11.0996 166.715 85.3581 83.7504 
173.389 177.82 107.942 219.436 129.139 136.635 6.25553 105.089 187.37 207.865 230.697 168.096 238.5 78.3261 53.3267 90.7006 170.607 17.9811 195.623 26.5601 242.232 238.337 59.7496 34.5128 10.7438 189.554 70.391 0 214.034 114.759 35.8549 102.991 194.841 161.836 132.789 82.7669 50.8559 133.735 61.9508 209.941 179.437 21.9197 167.036 175.198 168.323 176.809 130.339 49.0718 114.804 69.7236 57.5788 197.39 26.9856 65.7699 125.534 108.715 68.1133 115.079 122.434 98.8099 16.4637 113.01 259.726 110.327 151.618 18.0125 76.0185 235.355 14.967 33.3744 
40.6448 36.2134 128.43 28.6779 99.4792 126.911 220.289 144.877 93.3395 89.028 48.7229 57.5219 66.029 141.573 160.707 160.183 47.367 196.053 32.0624 187.474 42.0973 24.5297 182.435 188.898 216.373 123.382 219.452 214.034 0 107.65 178.179 134.697 127.738 81.9312 81.245 188.276 219.507 80.2989 162.855 85.3155 71.5784 202.202 88.1697 143.886 51.4025 37.2251 120.535 204.939 160.839 238.8 203.949 42.3448 218.684 228.701 112.889 105.319 180.493 123.725 110.607 151.44 209.003 138.811 62.7832 131.708 69.8517 196.021 230.552 52.7372 229.001 191.487 
109.667 103.54 46.5156 104.677 14.3794 21.8754 121.015 37.2269 72.6109 93.1063 115.938 53.337 123.741 42.2986 61.4324 60.9083 109.18 96.7781 80.8643 88.199 127.472 123.578 83.1599 81.2487 117.098 74.7944 111.803 114.759 107.65 0 78.9043 41.5641 80.0816 47.0763 41.1365 80.6267 111.857 58.0519 63.58 95.1823 64.678 102.927 105.609 60.4387 106.897 110.292 15.5801 97.2894 53.1893 131.15 96.2994 135.964 119.41 121.052 64.1073 27.3626 72.8433 53.6524 7.67462 52.1649 109.729 51.5836 144.967 24.0582 90.1912 96.7467 122.902 120.596 129.726 92.2128 
163.316 157.19 100.165 183.581 93.2837 100.78 42.1104 69.2345 151.515 172.011 194.843 132.241 202.645 70.5483 31.4879 82.9229 162.829 17.8738 159.769 15.4073 206.377 202.482 51.9719 27.5996 38.1938 153.699 58.1537 35.8549 178.179 78.9043 0 95.2133 158.986 125.981 96.9339 46.912 58.2082 111.701 54.173 174.087 143.582 29.6974 159.258 139.343 160.546 163.941 94.4844 43.6402 78.9491 77.5013 42.6502 189.613 40.5053 67.4027 117.756 81.0117 32.2584 107.302 86.5789 91.0322 30.8246 105.233 223.871 74.4722 143.84 21.0943 69.2533 199.5 50.8219 25.5967 
94.0524 98.4838 6.26758 140.1 49.802 60.8254 99.9888 78.791 108.033 128.529 151.361 88.7596 159.163 24.6649 63.7254 25.4857 87.3302 99.8805 116.287 79.806 162.895 159 47.7373 122.813 92.2472 110.217 153.367 102.991 134.697 41.5641 95.2133 0 115.504 82.4989 53.4522 122.191 153.421 54.3983 41.0402 130.605 100.101 124.911 64.045 95.8613 83.2947 97.4721 54.4496 138.853 94.7534 172.715 137.863 94.3994 83.987 162.616 22.5432 29.3785 114.407 12.0883 44.5217 16.7424 86.5273 10.0195 180.389 65.6223 64.8455 116.308 164.467 156.018 96.627 69.6166 
129.756 123.629 109.237 99.0604 65.7022 58.2062 201.096 89.7514 34.3988 38.7103 79.0154 70.2164 61.7093 122.38 141.514 140.99 129.269 176.86 95.6759 168.281 85.641 103.209 163.242 160.328 197.18 5.28721 124.45 194.841 127.738 80.0816 158.986 115.504 0 45.8071 62.052 112.074 143.985 78.1406 143.662 42.4228 56.1599 183.009 125.698 19.643 126.985 130.38 64.5015 145.769 80.0368 134.656 137.262 156.052 199.491 129.071 93.6956 86.1257 126.728 104.532 72.407 132.247 189.81 119.618 64.9551 84.5137 110.28 176.828 118.822 75.0011 209.808 172.294 
83.9485 77.822 76.2313 57.6007 32.6969 44.9798 168.091 62.9453 25.5345 46.0299 68.862 24.4093 76.6643 89.3749 108.509 107.985 83.4615 143.854 49.8688 135.275 80.396 76.5016 130.236 127.323 164.174 41.4505 137.521 161.836 81.9312 47.0763 125.981 82.4989 45.8071 0 29.0467 106.345 137.576 32.3335 110.656 48.106 17.6017 150.004 79.8907 61.9551 81.1781 84.5733 38.6039 123.008 78.9077 156.869 122.018 110.245 166.486 146.77 60.6903 53.1204 98.5617 71.5267 39.4017 99.2413 156.805 86.6123 97.8904 51.5084 64.4728 143.823 148.621 73.5192 176.803 139.289 
68.5304 62.4039 47.1847 86.6474 32.9661 60.3978 139.044 78.3634 54.5812 75.0766 97.9087 35.3074 105.711 60.3283 79.4621 78.938 68.0435 114.808 62.8346 106.229 109.443 105.548 101.19 122.385 135.128 56.8685 152.939 132.789 81.245 41.1365 96.9339 53.4522 62.052 29.0467 0 121.763 152.994 16.9154 81.6097 77.1527 46.6484 124.483 64.4727 77.3731 65.7601 69.1552 54.022 138.426 94.3258 172.287 137.436 94.8271 137.439 162.188 31.6436 24.0737 113.98 42.48 44.0941 70.1946 127.759 57.5656 126.937 65.1946 49.0547 115.88 164.039 102.566 147.756 110.242 
190.294 184.167 127.142 159.598 88.797 61.3653 89.0224 43.3997 104.603 125.099 147.931 130.754 155.733 97.5259 58.4654 109.9 189.807 64.7858 156.214 56.2067 159.465 163.747 78.9494 48.2541 85.1057 106.787 31.1762 82.7669 188.276 80.6267 46.912 122.191 112.074 106.345 121.763 0 31.911 138.679 81.1505 127.175 116.698 70.9351 186.236 92.431 187.523 190.918 67.7411 33.695 32.0372 50.5238 25.1881 216.59 87.4173 40.4252 144.734 107.989 14.6536 134.279 77.669 118.01 77.7366 132.21 176.959 56.5685 170.818 64.7544 42.2758 152.588 97.7339 60.2205 
221.524 215.398 158.373 190.829 120.028 92.596 57.1114 74.6304 136.514 157.01 179.842 161.985 187.644 128.757 89.6961 141.131 221.037 53.541 187.445 73.6155 191.376 194.977 110.18 30.6086 61.1743 138.698 19.5352 50.8559 219.507 111.857 58.2082 153.421 143.985 137.576 152.994 31.911 0 169.909 112.381 159.086 147.929 39.0241 217.466 124.342 218.754 222.149 98.9718 14.568 63.9482 19.2931 15.558 247.821 77.4161 14.9141 175.965 139.22 39.0141 165.51 108.9 149.24 66.8942 163.441 208.87 87.7992 202.049 37.1139 25.1626 184.499 65.8229 83.8049 
51.615 45.4885 48.1307 85.7013 49.8815 77.3132 139.99 95.2788 53.6352 74.1306 96.9626 34.3613 104.765 61.2743 80.4082 79.884 51.128 116.368 61.8886 107.175 108.497 104.602 102.136 139.301 136.074 73.784 169.855 133.735 80.2989 58.0519 111.701 54.3983 78.1406 32.3335 16.9154 138.679 169.909 0 82.5558 76.2066 45.7023 141.398 47.5572 94.2886 48.8446 52.2398 70.9374 155.341 111.241 189.202 154.351 77.9116 138.385 179.104 32.5897 30.6894 130.895 43.426 61.0095 71.1407 128.705 58.5117 125.991 82.1101 32.1393 132.795 180.954 101.62 148.702 111.189 
122.21 126.641 45.9917 168.257 77.9594 85.4555 58.9486 53.9103 136.191 156.686 179.518 116.917 187.321 21.2814 22.6852 28.7499 115.488 58.8403 144.444 38.7657 191.052 187.158 19.5799 81.7726 53.518 138.374 112.327 61.9508 162.855 63.58 54.173 41.0402 143.662 110.656 81.6097 81.1505 112.381 82.5558 0 158.762 128.258 83.8705 105.085 124.019 111.452 125.63 79.1602 97.8133 63.6249 131.674 96.8233 135.44 55.8295 121.576 63.5834 57.536 73.3672 53.1286 71.2547 36.8591 46.1488 51.0597 208.547 59.1479 93.003 75.2674 123.426 184.176 66.1461 28.6328 
87.3328 81.2063 124.337 56.6376 80.8029 73.3069 216.197 104.852 22.5714 3.71248 36.5926 41.8453 28.5583 137.481 156.615 156.091 86.8459 191.96 53.2531 183.381 43.2182 60.7859 178.342 175.429 212.28 38.0661 139.55 209.941 85.3155 95.1823 174.087 130.605 42.4228 48.106 77.1527 127.175 159.086 76.2066 158.762 0 30.5043 198.11 84.0775 58.5707 84.5625 87.9576 79.6022 160.87 95.1375 153.485 152.363 113.629 214.592 144.172 108.796 101.226 141.828 119.633 87.5077 147.347 204.911 134.718 49.7844 99.6144 67.8571 191.929 145.237 32.5783 224.909 187.395 
73.5957 67.4692 93.833 42.9005 50.2986 55.3325 185.693 74.3477 21.761 28.4282 51.2603 14.0566 59.0626 106.977 126.11 125.586 73.1088 161.456 39.516 152.877 62.7944 58.8999 147.838 144.924 181.776 51.8032 147.874 179.437 71.5784 64.678 143.582 100.101 56.1599 17.6017 46.6484 116.698 147.929 45.7023 128.258 30.5043 0 167.605 69.538 72.3078 70.8254 74.2205 49.0979 133.361 89.2605 167.222 132.371 99.8924 184.088 157.123 78.292 70.7221 111.324 89.1284 57.0034 116.843 174.407 104.214 80.2887 69.1101 54.12 161.425 158.974 55.9175 194.404 156.891 
193.013 186.887 129.862 207.604 117.307 124.803 24.9218 93.2577 175.538 196.034 218.866 156.264 226.668 100.246 61.1853 112.62 192.527 25.0302 183.792 45.1047 230.4 226.505 81.6693 22.681 32.6635 177.722 58.5593 21.9197 202.202 102.927 29.6974 124.911 183.009 150.004 124.483 70.9351 39.0241 141.398 83.8705 198.11 167.605 0 188.956 163.366 190.243 193.638 118.508 37.24 102.972 48.3525 45.747 219.31 48.9053 53.9382 147.454 110.709 56.2815 136.999 110.602 120.73 38.3834 134.93 247.894 98.4953 173.538 8.60307 64.1867 223.523 28.2836 55.2941 
47.5249 51.9563 59.0935 93.5722 97.4388 124.87 164.034 142.836 91.299 86.9875 104.833 55.4814 112.636 88.7099 127.77 76.3354 40.8028 163.926 69.7594 143.851 116.368 112.473 107.286 186.858 156.292 121.341 217.412 167.036 88.1697 105.609 159.258 64.045 125.698 79.8907 64.4727 186.236 217.466 47.5572 105.085 84.0775 69.538 188.956 0 141.846 36.7672 50.9446 118.495 202.899 158.798 236.76 201.909 45.825 140.05 226.661 41.5018 78.2466 178.452 51.9567 108.567 68.2261 150.572 54.0255 133.862 129.667 18.3181 180.353 228.512 109.491 160.672 133.662 
145.904 139.777 89.5937 115.208 46.0593 38.5632 181.453 70.1084 50.5468 54.8582 95.1634 86.3644 77.8572 102.737 121.871 121.347 145.417 157.217 111.824 148.638 101.789 119.357 143.599 140.685 177.537 20.5046 104.807 175.198 143.886 60.4387 139.343 95.8613 19.643 61.9551 77.3731 92.431 124.342 94.2886 124.019 58.5707 72.3078 163.366 141.846 0 143.133 146.528 44.8586 126.126 60.3938 115.014 117.619 172.2 179.848 109.428 100.344 66.4828 107.085 89.8891 52.7641 112.604 170.168 99.9746 84.528 64.8708 126.428 157.185 99.1793 91.149 190.165 152.652 
10.7577 15.1891 77.0271 56.8049 98.7262 126.158 168.887 144.123 92.5864 88.275 68.0662 56.7688 75.8685 90.1707 129.058 108.78 4.03555 165.213 32.9922 145.138 79.6003 75.7058 131.032 188.145 164.97 122.629 218.699 168.323 51.4025 106.897 160.546 83.2947 126.985 81.1781 65.7601 187.523 218.754 48.8446 111.452 84.5625 70.8254 190.243 36.7672 143.133 0 14.1774 119.782 204.186 160.086 238.047 203.196 29.067 167.282 227.948 61.486 79.534 179.74 72.3224 109.854 100.037 157.601 87.408 97.0946 130.955 18.4492 181.64 229.799 72.7234 177.598 140.085 
3.41969 6.75128 91.2045 42.6275 102.121 129.553 183.064 147.519 95.9816 91.6701 53.8888 60.1639 68.6711 104.348 132.453 122.958 10.1418 168.608 34.7045 150.249 65.4229 61.5284 145.209 191.54 179.148 126.024 222.095 176.809 37.2251 110.292 163.941 97.4721 130.38 84.5733 69.1552 190.918 222.149 52.2398 125.63 87.9576 74.2205 193.638 50.9446 146.528 14.1774 0 123.177 207.581 163.481 241.442 206.591 25.6719 181.459 231.343 75.6634 82.9291 183.135 86.4998 113.249 114.214 171.778 101.585 82.9172 134.35 32.6266 185.035 233.194 58.546 191.776 154.262 
122.552 116.426 59.4011 91.8572 21.0559 6.37581 136.595 25.2499 57.0308 77.5261 100.358 63.0133 108.16 57.8787 77.0126 76.4884 122.065 112.358 88.4727 103.779 111.892 107.998 98.74 95.8265 132.678 59.2143 98.9173 130.339 120.535 15.5801 94.4844 54.4496 64.5015 38.6039 54.022 67.7411 98.9718 70.9374 79.1602 79.6022 49.0979 118.508 118.495 44.8586 119.782 123.177 0 84.4039 40.3038 118.265 83.4139 148.849 134.99 108.166 76.9928 40.2481 62.226 66.538 9.9279 67.7451 125.309 64.4691 129.387 20.0122 103.077 112.327 110.017 105.015 145.306 107.793 
206.956 200.83 143.805 176.261 105.46 87.5628 55.3273 60.0625 138.298 158.794 181.626 147.417 189.428 114.189 75.1281 126.563 206.469 38.973 172.877 59.0475 193.16 189.265 95.6121 16.0407 51.4107 140.482 21.3192 49.0718 204.939 97.2894 43.6402 138.853 145.769 123.008 138.426 33.695 14.568 155.341 97.8133 160.87 133.361 37.24 202.899 126.126 204.186 207.581 84.4039 0 65.7322 33.8611 8.50696 233.253 62.8481 23.7624 161.397 124.652 24.4461 150.942 94.3318 134.672 52.3262 148.873 210.654 73.2312 187.481 31.0594 26.9467 186.283 64.0388 69.2369 
162.856 156.73 99.7049 132.161 61.3597 33.928 121.06 15.9624 72.566 93.0614 115.893 103.317 123.696 70.0885 61.4773 82.463 162.369 96.823 128.777 88.2439 127.428 136.309 83.2048 80.2912 117.143 74.7496 58.6136 114.804 160.839 53.1893 78.9491 94.7534 80.0368 78.9077 94.3258 32.0372 63.9482 111.241 63.6249 95.1375 89.2605 102.972 158.798 60.3938 160.086 163.481 40.3038 65.7322 0 77.9611 57.2252 189.153 119.454 67.8625 117.297 80.5519 46.6907 106.842 50.2317 90.5723 109.774 104.773 144.922 29.1311 143.38 96.7916 69.7132 120.551 129.771 92.2577 
240.817 234.691 177.666 210.122 139.321 111.889 72.7257 93.9235 145.461 149.772 190.077 181.278 178.315 148.05 108.989 160.424 240.33 72.8341 206.738 92.9086 196.703 214.27 129.473 49.9017 80.4674 129.369 19.3476 69.7236 238.8 131.15 77.5013 172.715 134.656 156.869 172.287 50.5238 19.2931 189.202 131.674 153.485 167.222 48.3525 236.76 115.014 238.047 241.442 118.265 33.8611 77.9611 0 34.8511 267.114 96.7091 10.0986 195.258 158.513 58.3072 184.803 128.193 168.533 86.1873 182.734 199.542 107.092 221.342 56.4069 15.8342 186.063 76.0875 103.098 
205.966 199.84 142.815 175.271 104.47 79.0558 63.8343 59.0725 129.791 150.287 173.119 146.427 180.921 113.199 74.1381 125.573 205.479 39.5977 171.887 58.0575 184.653 180.758 94.6221 23.066 59.9177 131.975 15.5035 57.5788 203.949 96.2994 42.6502 137.863 137.262 122.018 137.436 25.1881 15.558 154.351 96.8233 152.363 132.371 45.747 201.909 117.619 203.196 206.591 83.4139 8.50696 57.2252 34.8511 0 232.263 62.2292 24.7524 160.407 123.662 23.4561 149.952 93.3418 133.682 52.5485 147.883 202.147 72.2412 186.491 39.5663 26.6031 177.776 72.5458 68.2469 
26.2967 32.4231 89.448 56.9919 127.793 155.225 194.388 173.19 121.653 117.342 77.0369 85.8358 94.343 119.064 158.125 117.838 26.7836 194.28 60.3763 174.205 70.5425 66.6481 140.09 217.212 186.647 151.696 247.766 197.39 42.3448 135.964 189.613 94.3994 156.052 110.245 94.8271 216.59 247.821 77.9116 135.44 113.629 99.8924 219.31 45.825 172.2 29.067 25.6719 148.849 233.253 189.153 267.114 232.263 0 176.339 257.015 71.8563 108.601 208.807 82.3111 138.921 109.095 180.927 96.4658 91.0972 160.022 45.7724 210.707 258.866 81.0512 191.026 164.016 
178.039 182.471 90.2545 224.087 133.789 141.285 23.9834 109.74 192.02 212.516 235.348 172.747 243.15 77.1109 57.9771 63.715 171.317 23.8751 200.274 31.2105 246.882 242.987 36.2496 46.8074 16.2418 194.204 77.3616 26.9856 218.684 119.41 40.5053 83.987 199.491 166.486 137.439 87.4173 77.4161 138.385 55.8295 214.592 184.088 48.9053 140.05 179.848 167.282 181.459 134.99 62.8481 119.454 96.7091 62.2292 176.339 0 86.6105 105.796 113.365 72.7637 94.9592 127.084 71.8243 10.5219 86.0249 264.376 114.977 148.832 40.3022 88.4612 240.005 20.6216 27.1967 
230.719 224.592 167.567 200.023 129.222 101.79 72.0255 83.8249 135.362 142.095 179.979 171.18 172.73 137.951 98.8905 150.326 230.232 62.7354 196.639 82.81 186.604 204.172 119.375 39.8031 70.3687 123.784 9.24895 65.7699 228.701 121.052 67.4027 162.616 129.071 146.77 162.188 40.4252 14.9141 179.104 121.576 144.172 157.123 53.9382 226.661 109.428 227.948 231.343 108.166 23.7624 67.8625 10.0986 24.7524 257.015 86.6105 0 185.159 148.414 48.2086 174.704 118.094 158.435 76.0886 172.635 193.956 96.9936 211.243 47.7575 10.2486 175.964 80.737 92.9994 
72.2437 76.6751 17.5917 118.291 55.9369 83.3686 122.532 101.334 86.2248 106.72 129.552 66.951 137.355 47.2081 86.2686 47.2944 65.5216 122.424 94.4782 102.349 141.086 137.192 69.546 145.356 114.79 88.4084 175.91 125.534 112.889 64.1073 117.756 22.5432 93.6956 60.6903 31.6436 144.734 175.965 32.5897 63.5834 108.796 78.292 147.454 41.5018 100.344 61.486 75.6634 76.9928 161.397 117.297 195.258 160.407 71.8563 105.796 185.159 0 36.7447 136.951 10.8364 67.0649 38.551 109.07 25.922 158.581 88.1655 43.0369 138.851 187.01 134.209 119.17 92.1598 
82.3043 76.1779 23.1109 110.721 20.4235 46.6239 114.971 64.5895 78.655 99.1504 121.982 59.3811 129.785 36.2545 55.3884 54.8642 81.8174 90.734 86.9084 82.1549 133.516 129.622 77.1158 108.611 111.054 80.8385 139.165 108.715 105.319 27.3626 81.0117 29.3785 86.1257 53.1204 24.0737 107.989 139.22 30.6894 57.536 101.226 70.7221 110.709 78.2466 66.4828 79.534 82.9291 40.2481 124.652 80.5519 158.513 123.662 108.601 113.365 148.414 36.7447 0 100.206 26.2899 30.3202 46.1209 103.685 33.4919 151.011 51.4207 62.8286 102.106 150.265 126.64 123.682 86.1687 
182.51 176.384 119.359 151.815 81.0136 68.5213 74.3688 36.9761 119.257 139.752 162.584 122.971 170.386 89.7425 50.682 102.117 182.023 50.1322 148.43 41.5532 174.118 170.224 71.166 33.6005 70.4522 121.44 38.9596 68.1133 180.493 72.8433 32.2584 114.407 126.728 98.5617 113.98 14.6536 39.0141 130.895 73.3672 141.828 111.324 56.2815 178.452 107.085 179.74 183.135 62.226 24.4461 46.6907 58.3072 23.4561 208.807 72.7637 48.2086 136.951 100.206 0 126.496 69.8856 110.226 63.083 124.427 191.613 48.7851 163.034 50.1008 50.0592 167.241 83.0803 45.567 
83.0801 87.5115 7.13685 129.127 45.4821 72.9138 112.077 90.8794 97.0612 117.557 140.389 77.7873 148.191 36.7532 75.8137 36.458 76.358 111.969 105.315 91.8943 151.923 148.028 58.7096 134.901 104.336 99.2448 165.455 115.079 123.725 53.6524 107.302 12.0883 104.532 71.5267 42.48 134.279 165.51 43.426 53.1286 119.633 89.1284 136.999 51.9567 89.8891 72.3224 86.4998 66.538 150.942 106.842 184.803 149.952 82.3111 94.9592 174.704 10.8364 26.2899 126.496 0 56.6101 27.7146 98.6156 15.0856 169.417 77.7106 53.8733 128.396 176.555 145.046 108.715 81.7049 
112.625 106.498 49.4732 97.0024 11.128 16.3037 128.689 34.2693 64.9363 85.4316 108.264 53.0854 116.066 49.9732 69.1071 68.5829 112.138 104.453 78.5448 95.8737 119.798 115.903 90.8345 87.921 124.773 67.1198 108.845 122.434 110.607 7.67462 86.5789 44.5217 72.407 39.4017 44.0941 77.669 108.9 61.0095 71.2547 87.5077 57.0034 110.602 108.567 52.7641 109.854 113.249 9.9279 94.3318 50.2317 128.193 93.3418 138.921 127.084 118.094 67.0649 30.3202 69.8856 56.6101 0 59.8396 117.403 54.5412 137.292 21.1005 93.1488 104.421 119.945 112.921 137.401 99.8875 
110.795 115.226 23.0099 156.842 66.5443 74.0404 95.8077 74.6099 124.776 145.271 168.103 105.502 175.906 20.4838 59.5443 8.74338 104.073 95.6994 133.029 75.6249 179.637 175.743 39.0603 118.632 88.0661 126.959 149.186 98.8099 151.44 52.1649 91.0322 16.7424 132.247 99.2413 70.1946 118.01 149.24 71.1407 36.8591 147.347 116.843 120.73 68.2261 112.604 100.037 114.214 67.7451 134.672 90.5723 168.533 133.682 109.095 71.8243 158.435 38.551 46.1209 110.226 27.7146 59.8396 0 82.3462 14.2006 197.132 61.4412 81.5879 112.127 160.286 172.76 92.4459 65.4355 
168.359 172.79 91.4788 214.406 124.108 131.604 13.4616 100.059 182.34 202.835 225.667 163.066 233.469 67.4303 48.2964 74.2369 161.637 13.3532 190.593 21.5298 237.201 233.307 43.2859 36.2856 7.36918 184.523 66.8397 16.4637 209.003 109.729 30.8246 86.5273 189.81 156.805 127.759 77.7366 66.8942 128.705 46.1488 204.911 174.407 38.3834 150.572 170.168 157.601 171.778 125.309 52.3262 109.774 86.1873 52.5485 180.927 10.5219 76.0886 109.07 103.685 63.083 98.6156 117.403 82.3462 0 96.5468 254.696 105.297 139.152 29.7803 77.9393 230.324 19.9973 17.516 
98.1657 102.597 10.3809 144.213 53.9153 70.8449 110.008 88.8105 112.147 132.642 155.474 92.873 163.277 34.6844 73.7449 22.3099 91.4436 109.9 120.4 89.8255 167.008 163.114 53.2609 132.832 102.267 114.33 163.386 113.01 138.811 51.5836 105.233 10.0195 119.618 86.6123 57.5656 132.21 163.441 58.5117 51.0597 134.718 104.214 134.93 54.0255 99.9746 87.408 101.585 64.4691 148.873 104.773 182.734 147.883 96.4658 86.0249 172.635 25.922 33.4919 124.427 15.0856 54.5412 14.2006 96.5468 0 184.503 75.6418 68.9589 126.327 174.486 160.131 106.647 79.6361 
86.3369 81.9055 174.122 40.2897 130.587 123.091 265.981 154.636 72.3558 51.8605 29.0284 91.6297 21.2261 187.265 206.399 205.875 93.0591 241.745 64.1024 233.166 20.6859 38.2535 228.127 225.213 262.065 70.1723 189.335 259.726 62.7832 144.967 223.871 180.389 64.9551 97.8904 126.937 176.959 208.87 125.991 208.547 49.7844 80.2887 247.894 133.862 84.528 97.0946 82.9172 129.387 210.654 144.922 199.542 202.147 91.0972 264.376 193.956 158.581 151.011 191.613 169.417 137.292 197.132 254.696 184.503 0 149.399 115.544 241.713 183.707 24.3712 274.693 237.18 
133.725 127.599 70.5738 109.109 32.2285 26.3075 116.583 13.1688 77.043 97.5384 120.37 74.1859 128.173 40.9574 57.0003 56.4762 133.238 92.346 99.6454 83.7669 131.904 128.01 78.7278 75.8143 112.666 79.2265 87.7447 110.327 131.708 24.0582 74.4722 65.6223 84.5137 51.5084 65.1946 56.5685 87.7992 82.1101 59.1479 99.6144 69.1101 98.4953 129.667 64.8708 130.955 134.35 20.0122 73.2312 29.1311 107.092 72.2412 160.022 114.977 96.9936 88.1655 51.4207 48.7851 77.7106 21.1005 61.4412 105.297 75.6418 149.399 0 114.249 92.3146 98.8443 125.028 125.294 87.7807 
29.2069 33.6383 58.5779 75.2541 82.0208 109.453 150.438 127.418 75.8811 71.5696 86.5154 40.0634 94.3177 73.292 112.352 90.3313 22.4847 148.508 51.4413 128.433 98.0494 94.155 112.583 171.44 146.521 105.923 201.994 151.618 69.8517 90.1912 143.84 64.8455 110.28 64.4728 49.0547 170.818 202.049 32.1393 93.003 67.8571 54.12 173.538 18.3181 126.428 18.4492 32.6266 103.077 187.481 143.38 221.342 186.491 45.7724 148.832 211.243 43.0369 62.8286 163.034 53.8733 93.1488 81.5879 139.152 68.9589 115.544 114.249 0 164.935 213.094 91.1726 159.149 121.636 
184.41 178.284 121.259 201.424 111.126 118.622 24.268 87.077 169.358 189.853 212.685 150.084 220.487 91.6427 52.5822 104.017 183.923 16.4271 177.611 36.5016 224.219 220.325 73.0662 16.5003 24.0604 171.541 52.3786 18.0125 196.021 96.7467 21.0943 116.308 176.828 143.823 115.88 64.7544 37.1139 132.795 75.2674 191.929 161.425 8.60307 180.353 157.185 181.64 185.035 112.327 31.0594 96.7916 56.4069 39.5663 210.707 40.3022 47.7575 138.851 102.106 50.1008 128.396 104.421 112.127 29.7803 126.327 241.713 92.3146 164.935 0 58.006 217.342 32.9795 46.691 
232.569 226.443 169.418 201.874 131.073 103.641 82.274 85.6756 137.213 141.524 181.829 173.03 164.523 139.802 100.741 152.176 232.082 64.5861 198.49 84.6606 188.455 206.022 121.225 41.6538 78.3574 113.535 11.0996 76.0185 230.552 122.902 69.2533 164.467 118.822 148.621 164.039 42.2758 25.1626 180.954 123.426 145.237 158.974 64.1867 228.512 99.1793 229.799 233.194 110.017 26.9467 69.7132 15.8342 26.6031 258.866 88.4612 10.2486 187.01 150.265 50.0592 176.555 119.945 160.286 77.9393 174.486 183.707 98.8443 213.094 58.006 0 177.815 90.9855 94.85 
61.9657 57.5343 149.751 24.0593 106.216 98.7201 241.61 130.265 47.9846 36.2908 4.65719 67.2585 13.2918 162.894 182.028 181.504 68.6879 217.374 39.7312 208.795 10.6399 28.2076 203.755 200.842 237.694 70.6444 166.715 235.355 52.7372 120.596 199.5 156.018 75.0011 73.5192 102.566 152.588 184.499 101.62 184.176 32.5783 55.9175 223.523 109.491 91.149 72.7234 58.546 105.015 186.283 120.551 186.063 177.776 81.0512 240.005 175.964 134.209 126.64 167.241 145.046 112.921 172.76 230.324 160.131 24.3712 125.028 91.1726 217.342 177.815 0 250.322 212.808 
188.356 192.787 101.579 234.403 144.106 151.602 8.7115 120.056 202.337 222.832 245.665 183.063 253.467 87.4276 68.2937 84.3367 181.634 32.9481 210.59 41.5272 257.199 253.304 53.3857 49.4798 12.6281 204.521 85.3581 14.967 229.001 129.726 50.8219 96.627 209.808 176.803 147.756 97.7339 65.8229 148.702 66.1461 224.909 194.404 28.2836 160.672 190.165 177.598 191.776 145.306 64.0388 129.771 76.0875 72.5458 191.026 20.6216 80.737 119.17 123.682 83.0803 108.715 137.401 92.4459 19.9973 106.647 274.693 125.294 159.149 32.9795 90.9855 250.322 0 37.5134 
150.843 155.274 74.5681 196.89 106.592 114.088 30.3723 82.5431 164.824 185.319 208.151 145.55 215.953 49.9142 30.7804 57.3262 144.12 30.2639 173.077 10.1894 219.685 215.791 26.3752 53.1963 24.8852 167.007 83.7504 33.3744 191.487 92.2128 25.5967 69.6166 172.294 139.289 110.242 60.2205 83.8049 111.189 28.6328 187.395 156.891 55.2941 133.662 152.652 140.085 154.262 107.793 69.2369 92.2577 103.098 68.2469 164.016 27.1967 92.9994 92.1598 86.1687 45.567 81.7049 99.8875 65.4355 17.516 79.6361 237.18 87.7807 121.636 46.691 94.85 212.808 37.5134 0 
