80 80 81 160 
81 172.643 95.9375
82 196.135 10.9059
83 84.3742 57.8035
84 101.904 22.5556
85 113.388 35.6927
86 149.097 95.8211
87 174.168 79.8674
88 139.767 48.567
89 79.5077 90.6938
90 114.687 76.2731
91 169.399 42.4283
92 102.486 57.8472
93 148.57 84.5066
94 104.269 97.1606
95 89.6044 54.9957
96 95.7724 84.9357
97 17.015 68.6311
98 34.2834 80.1592
99 15.2913 43.1489
100 95.2721 12.088
101 160.529 60.9881
102 134.259 10.6456
103 174.786 92.1746
104 148.183 50.3506
105 100.382 64.407
106 178.853 21.9525
107 72.3666 67.1957
108 196.33 21.6433
109 143.887 15.6665
110 72.0772 68.648
111 196.915 48.7014
112 76.5556 39.0605
113 95.083 1.75297
114 85.7344 18.2729
115 139.747 69.314
116 142.129 90.6898
117 160.681 96.4658
118 64.7434 27.0018
119 102.391 35.887
120 68.6711 22.4972
121 62.9459 0.652591
122 22.8597 16.4142
123 4.92796 58.198
124 79.5008 1.6163
125 147.727 54.7956
126 180.633 66.2564
127 8.05414 93.8141
128 138.73 32.515
129 113.536 85.419
130 163.916 80.786
131 13.0418 77.5901
132 182.645 3.34555
133 103.435 26.3483
134 15.5522 82.2695
135 187.749 30.7638
136 117.635 89.9588
137 35.3216 65.5981
138 9.23504 93.7336
139 73.9538 24.9638
140 40.3183 21.3934
141 99.1311 55.9024
142 66.706 3.03749
143 98.4134 88.4537
144 52.6039 75.324
145 84.3335 58.5867
146 172.327 67.4277
147 79.7347 47.2969
148 65.3497 49.7424
149 77.0965 77.3164
150 169.812 68.5546
151 151.854 58.3763
152 13.6885 43.838
153 184.119 74.7845
154 191.395 25.7519
155 78.3477 32.5791
156 77.9307 51.3568
157 40.6216 23.614
158 60.3608 47.338
159 142.493 76.8222
160 87.682 22.442
0 108.524 126.403 144.121 119.5 23.6624 17.595 80.2462 98.3788 77.6203 56.7529 108.247 35.5034 69.5968 123.98 87.8722 182.934 154.138 210.14 161.22 47.0629 123.675 5.90631 70.047 103.792 80.1951 129.018 97.9818 109.027 127.855 71.5085 152.964 171.744 164.573 59.5195 35.7615 12.4902 176.835 130.302 177.412 204.982 229.306 205.454 187.463 66.0573 37.6708 166.712 97.3357 69.6249 23.8782 177.948 102.594 138.797 170.759 80.2797 60.9862 167.661 165.612 169.663 206.869 113.547 198.837 81.7133 140.652 125.66 28.8261 141.549 153.488 114.167 30.2135 58.35 211.054 32.6292 88.9376 157.654 139.293 204.345 160.882 49.2649 158.456 
108.524 0 158.659 105.881 107.534 131.954 90.9292 94.0294 196.416 146.816 58.2587 140.591 121.166 178.121 150.621 174.393 236.846 231.105 213.087 102.045 85.6883 62.1364 102.618 87.3973 149.255 28.329 180.059 10.9324 57.009 181.8 38.5755 147.734 110.205 117.768 114.797 133.79 121.014 147.488 118.725 139.056 143.443 178.784 238.5 125.924 92.2978 70.8534 270.989 79.0148 157.112 102.099 249.778 21.0503 108.142 251.947 28.2445 157.553 215.506 269.728 136.24 166.305 142.001 137.298 175.27 207.95 159.483 80.3306 152.792 169.622 185.449 83.9719 91.7519 215.379 75.895 19.5866 139.461 158.656 168.222 172.207 119.558 119.99 
126.403 158.659 0 52.7776 51.1243 102.74 111.857 64.6294 37.7568 48.7823 100.4 18.1553 90.8992 59.2521 8.03803 38.5304 78.1869 72.4465 83.7375 56.6134 79.3396 97.043 124.783 71.2615 22.6109 130.33 21.3998 148.116 101.65 23.1415 121.643 26.5616 66.7594 40.8908 66.8831 90.6411 114.969 50.4326 39.9334 51.0095 78.5793 102.904 79.8407 61.0607 66.3611 104.711 112.331 79.644 56.7777 102.524 91.1191 152.729 50.5164 93.288 130.414 65.4164 56.8472 111.069 43.2602 80.466 16.658 72.4343 44.6893 49.2908 0.823913 97.5765 15.1461 27.0856 26.7906 96.1891 68.0525 84.6513 116.726 139.072 31.251 12.8903 77.9422 34.479 77.1376 38.6693 
144.121 105.881 52.7776 0 24.6208 120.458 129.576 63.8746 90.5344 66.5005 87.3679 35.8735 108.617 76.9703 44.7396 68.5116 130.964 125.224 107.206 17.0994 97.0578 44.2654 142.501 74.0738 43.3736 77.5522 74.1774 95.3388 48.8722 75.9191 121.157 41.8532 27.6236 20.4523 84.6013 108.359 132.687 41.6067 13.8184 33.2913 60.8611 85.1857 132.618 43.3425 78.0635 122.429 165.108 46.7851 74.4958 120.243 143.897 99.9516 5.32419 146.066 94.0531 83.1346 109.625 163.847 30.3583 62.7478 36.1196 54.7161 69.3885 102.068 53.6015 115.295 46.9105 63.741 79.5682 113.907 85.7707 109.498 134.444 92.6871 33.5797 52.7743 62.3407 66.3255 94.8558 14.3355 
119.5 107.534 51.1243 24.6208 0 95.8376 104.955 39.2538 88.8811 41.8797 62.7471 33.0564 83.9966 70.5865 43.0863 66.8583 129.311 123.571 105.553 41.7202 72.4371 45.9186 117.881 49.453 41.7204 79.2055 72.5241 96.9921 50.5255 74.2658 96.5364 40.1999 52.2443 45.073 59.9805 83.7385 108.067 57.3352 11.191 57.912 85.4818 109.806 130.965 67.9632 53.4427 97.8086 163.455 28.5197 49.8751 95.6219 142.243 101.605 19.2966 144.412 79.29 58.5138 107.972 162.194 50.1628 87.3686 34.4664 79.3369 67.7353 100.415 51.9482 90.674 45.2572 62.0878 77.9149 89.2865 61.15 107.844 109.823 87.9479 38.1536 51.1211 84.8448 64.6722 70.2351 38.9563 
23.6624 131.954 102.74 120.458 95.8376 0 41.0247 56.5837 74.7164 53.9579 73.6951 84.5849 11.841 46.1671 100.318 64.2098 159.272 130.475 186.478 137.558 46.2656 100.013 29.336 46.3846 80.1293 103.625 105.356 121.411 85.3645 104.193 94.9382 129.302 148.082 140.911 35.8571 12.099 12.229 153.173 106.64 153.75 181.319 205.644 181.792 163.801 42.3949 61.1005 143.05 73.6733 45.9625 29.8545 154.286 126.024 115.134 147.096 103.709 37.3238 143.998 141.949 146 183.206 89.8844 175.174 58.0508 116.99 101.998 51.6233 117.886 129.826 90.505 47.982 40.202 187.391 56.0589 112.367 133.991 115.63 180.682 137.219 25.6025 134.794 
17.595 90.9292 111.857 129.576 104.955 41.0247 0 65.701 105.486 63.0751 42.2077 93.7021 30.2366 87.1918 109.435 83.4637 168.389 140.176 195.595 146.675 32.5177 109.13 12.9258 55.5018 89.2465 62.6001 114.473 80.3868 94.4817 113.31 53.9135 138.419 157.199 150.028 44.9743 42.8611 30.0852 162.29 115.757 162.867 190.437 214.761 190.909 172.918 51.5121 20.0758 180.06 82.7905 66.1829 11.1702 163.403 84.9995 124.251 161.018 62.6847 66.6238 153.115 178.799 155.118 192.323 99.0017 184.292 84.3406 126.107 111.115 14.2809 127.003 138.943 99.6222 15.6683 43.8048 196.509 15.0342 71.3426 143.108 124.748 189.8 146.336 34.7197 143.911 
80.2462 94.0294 64.6294 63.8746 39.2538 56.5837 65.701 0 102.386 52.7863 35.7707 46.5614 44.7428 84.0915 56.5914 80.3634 142.816 137.076 129.894 80.974 33.1832 43.4293 78.6268 10.1992 55.2254 65.7004 86.0292 83.487 37.0204 87.7709 57.2825 72.718 91.4982 84.3269 20.7672 44.4847 68.8127 96.589 50.0562 97.1659 124.736 149.06 144.47 107.217 14.1889 58.5547 176.96 17.0895 63.0826 56.368 155.748 88.0998 58.5504 157.917 65.7849 63.5235 121.477 175.699 89.4166 126.622 47.9714 118.591 81.2403 113.92 65.4533 51.4201 61.3025 75.5928 91.42 50.0326 21.8961 130.808 70.5694 74.4428 77.4074 64.6261 124.099 80.6354 30.9812 78.2101 
98.3788 196.416 37.7568 90.5344 88.8811 74.7164 105.486 102.386 0 49.5999 138.157 55.8248 75.2499 31.2283 45.7948 22.0228 84.5554 55.7589 111.761 94.3702 110.727 134.8 96.7594 109.018 47.1608 168.087 30.6393 185.873 139.407 29.4763 159.4 54.5854 104.516 78.6476 81.619 62.6254 86.9454 78.4563 77.6902 79.0332 106.603 130.928 107.076 89.0844 104.118 125.562 74.5738 117.401 39.3036 94.3163 79.5696 190.486 88.2732 72.3798 168.171 38.8627 69.2817 73.3125 71.2839 108.49 54.4148 100.458 21.1459 42.2736 36.9329 116.085 43.6239 55.1094 15.7886 112.444 104.664 112.675 120.521 176.829 59.2748 40.914 105.966 62.5027 76.8572 76.4261 
77.6203 146.816 48.7823 66.5005 41.8797 53.9579 63.0751 52.7863 49.5999 0 88.557 30.627 42.1169 31.3052 46.3599 27.5771 105.314 84.2896 132.52 83.5999 61.1275 85.1999 76.0009 59.4184 26.1714 118.487 51.3978 136.273 89.8067 50.2349 109.8 75.3439 94.124 86.9528 32.0191 41.8588 66.1868 99.2149 52.6821 99.7917 127.362 151.686 127.834 109.843 54.518 75.9624 124.174 67.801 10.2963 53.7421 102.962 140.886 61.1763 105.131 118.571 16.6341 90.0403 122.912 92.0425 129.248 35.9266 121.217 28.454 63.0321 48.0399 66.4851 63.9283 75.8679 38.6337 62.8439 55.0638 133.434 70.9208 127.229 80.0333 61.6726 126.724 83.2613 28.3554 80.836 
56.7529 58.2587 100.4 87.3679 62.7471 73.6951 42.2077 35.7707 138.157 88.557 0 82.3321 62.907 119.862 92.3621 116.134 178.587 172.847 154.828 104.467 27.4295 66.9226 55.1335 29.1386 90.9961 29.9297 121.8 47.7163 52.2741 123.542 33.7892 96.2113 114.991 107.82 56.5379 75.5315 62.7556 120.082 73.5495 120.659 148.229 172.554 180.241 130.71 34.039 35.0614 212.731 40.5828 98.8533 43.8406 191.519 52.3291 82.0437 193.688 30.0143 99.2942 157.247 211.469 112.91 150.116 83.7421 142.084 117.011 149.691 101.224 27.9268 94.533 111.364 127.191 26.5393 33.4932 157.12 47.0761 38.6721 100.901 100.397 147.592 113.948 61.2997 101.703 
108.247 140.591 18.1553 35.8735 33.0564 84.5849 93.7021 46.5614 55.8248 30.627 82.3321 0 72.7439 41.0968 15.7329 33.802 96.2549 90.5145 101.893 52.9729 61.1844 78.975 106.628 53.1935 8.664 112.262 39.4678 130.048 83.5818 41.2094 103.575 44.7169 63.497 56.3258 48.7278 72.4858 96.8138 68.5879 22.0551 69.1647 96.7345 121.059 97.9087 79.2159 48.2931 86.5558 130.399 61.5761 38.6224 84.3691 109.187 134.661 32.4485 111.356 112.346 47.2611 74.9152 129.137 61.4155 98.6213 5.29957 90.5896 34.6789 67.3588 18.8919 79.4212 33.3013 45.2409 44.8585 78.0338 49.8973 102.807 98.5705 121.004 49.4063 31.0456 96.0975 52.6343 58.9824 50.209 
35.5034 121.166 90.8992 108.617 83.9966 11.841 30.2366 44.7428 75.2499 42.1169 62.907 72.7439 0 56.9552 88.4768 53.2271 147.431 118.634 174.637 125.717 35.4774 88.172 33.884 34.5436 68.2883 92.8367 93.5147 110.623 73.5235 92.3518 84.1501 117.461 136.241 129.07 24.0161 12.6245 24.0699 141.332 94.799 141.909 169.478 193.803 169.951 151.96 30.5539 50.3123 149.824 61.8323 35.9464 19.0663 142.445 115.236 103.293 135.255 92.9212 36.3872 132.157 148.562 134.159 171.365 78.0435 163.333 54.104 105.149 90.1568 40.8351 106.045 117.985 78.664 37.1939 29.4138 175.55 45.2707 101.579 122.15 103.789 168.841 125.378 13.7615 122.953 
69.5968 178.121 59.2521 76.9703 70.5865 46.1671 87.1918 84.0915 31.2283 31.3052 119.862 41.0968 56.9552 0 56.8297 20.7217 115.784 86.9872 142.99 94.0697 92.4327 116.505 75.5031 90.7237 36.6412 149.792 61.8676 167.579 121.112 60.7046 141.105 85.8137 104.594 97.4225 63.3243 44.3307 57.1066 109.685 63.1518 110.262 137.831 162.156 138.304 120.313 85.8232 107.268 99.5616 99.1062 21.0089 76.0216 110.798 172.191 71.6461 103.608 149.876 20.568 100.51 98.4611 102.512 139.718 46.3964 131.686 14.5628 73.5019 58.5097 97.7904 74.3981 86.3377 47.0169 94.1491 86.369 143.903 102.226 158.534 90.5031 72.1424 137.194 93.7311 58.5625 91.3058 
123.98 150.621 8.03803 44.7396 43.0863 100.318 109.435 56.5914 45.7948 46.3599 92.3621 15.7329 88.4768 56.8297 0 36.1079 86.2249 80.4846 86.1599 48.5754 76.9172 89.0049 122.361 63.2235 20.1885 122.292 29.4378 140.078 93.6118 31.1795 113.605 28.984 58.7213 40.5929 64.4607 88.2187 112.547 52.855 31.8954 53.4319 81.0017 105.326 87.8787 63.4831 58.323 102.289 120.369 71.606 54.3552 100.102 99.1571 144.691 42.4784 101.326 122.376 62.994 64.8852 119.107 45.6826 82.8884 10.4333 74.8567 42.2669 57.3289 8.86194 95.1541 17.5685 29.5081 34.8286 93.7666 65.6301 87.0737 114.303 131.034 33.6734 15.3127 80.3646 36.9014 74.7152 34.4761 
87.8722 174.393 38.5304 68.5116 66.8583 64.2098 83.4637 80.3634 22.0228 27.5771 116.134 33.802 53.2271 20.7217 36.1079 0 95.062 66.2655 122.268 73.348 88.7046 112.777 86.2528 86.9955 25.138 146.064 41.1459 163.85 117.384 39.9829 137.377 65.092 83.8721 76.7008 59.5962 52.1107 76.4387 88.963 55.6674 89.5398 117.11 141.434 117.582 99.591 82.0951 103.539 96.5966 95.3781 18.2473 72.2935 90.0762 168.463 66.2505 82.8864 146.148 26.886 79.7884 95.3353 81.7905 118.996 32.392 110.965 6.15895 52.7802 37.788 94.0622 53.6764 65.616 26.2952 90.421 82.6409 123.182 98.4979 154.806 69.7814 51.4207 116.473 73.0094 54.8344 70.5841 
182.934 236.846 78.1869 130.964 129.311 159.272 168.389 142.816 84.5554 105.314 178.587 96.2549 147.431 115.784 86.2249 95.062 0 28.7965 27.2059 134.8 151.157 175.23 181.315 149.448 87.5909 208.517 56.7871 226.303 179.837 55.0791 199.83 89.1113 144.946 119.078 123.415 147.173 171.501 89.3577 118.12 97.79 113.909 58.0616 22.5202 129.501 144.548 165.992 34.1438 157.831 113.309 159.056 12.9322 230.916 128.703 15.1011 208.601 121.948 21.3397 32.8824 100.606 70.5411 94.8449 115.285 101.221 42.2818 77.363 156.515 84.054 67.2235 68.7668 152.874 145.094 28.1196 173.257 217.259 97.3848 78.1901 68.6238 64.639 133.669 116.856 
154.138 231.105 72.4465 125.224 123.571 130.475 140.176 137.076 55.7589 84.2896 172.847 90.5145 118.634 86.9872 80.4846 66.2655 28.7965 0 56.0024 129.06 145.417 169.489 152.518 143.708 81.8505 202.776 51.0467 220.563 174.096 49.3051 194.09 83.371 139.206 113.337 116.309 118.376 142.704 83.6174 112.38 92.0497 108.169 75.1687 51.3167 123.76 138.808 160.252 39.8841 152.091 84.5128 130.26 23.8107 225.176 122.963 20.8414 202.861 93.1515 15.5993 38.6228 94.8658 64.8007 89.1045 109.544 72.4244 23.1557 71.6226 150.775 78.3136 61.4831 45.656 147.133 139.353 56.9161 155.21 211.519 91.6444 72.4498 62.8834 58.8987 111.547 111.116 
210.14 213.087 83.7375 107.206 105.553 186.478 195.595 129.894 111.761 132.52 154.828 101.893 174.637 142.99 86.1599 122.268 27.2059 56.0024 0 111.042 163.077 151.471 208.521 140.093 106.348 184.758 81.122 202.545 156.078 82.2849 187.176 65.3528 121.188 95.3191 150.621 174.379 198.707 65.5992 94.3617 74.0315 90.1509 34.3031 25.4124 105.742 144.083 188.449 57.9023 134.072 140.515 186.262 36.6907 207.157 104.945 39.3814 184.843 149.154 42.4795 56.641 76.8476 46.7825 96.5932 91.5261 128.427 69.4877 84.4799 181.314 68.5914 56.6519 95.9727 179.927 151.79 2.29182 200.463 193.501 73.6262 70.8472 44.8652 49.2585 160.875 93.0976 
161.22 102.045 56.6134 17.0994 41.7202 137.558 146.675 80.974 94.3702 83.5999 104.467 52.9729 125.717 94.0697 48.5754 73.348 134.8 129.06 111.042 0 114.157 40.4295 159.601 91.1732 57.4285 93.4454 78.0132 110.613 52.1933 79.7549 138.257 45.689 10.5242 15.7226 101.701 125.459 149.787 45.4426 30.9178 37.0103 43.7617 76.7387 136.454 26.2431 95.1629 139.529 168.944 63.8845 91.5953 137.342 147.732 96.1157 22.4236 149.901 111.153 100.234 113.461 167.683 34.1941 64.2592 47.6733 37.6167 79.5069 105.904 57.4373 132.394 50.7463 67.5768 83.404 131.007 102.87 113.334 151.543 109.787 37.4155 56.6102 66.1765 70.1613 111.955 17.9441 
47.0629 85.6883 79.3396 97.0578 72.4371 46.2656 32.5177 33.1832 110.727 61.1275 27.4295 61.1844 35.4774 92.4327 76.9172 88.7046 151.157 145.417 163.077 114.157 0 76.6125 45.4436 22.9841 63.5666 57.3592 94.3703 75.1459 61.964 96.112 48.6726 105.901 124.681 117.51 29.1084 48.102 35.6295 129.772 83.2394 130.349 157.919 182.244 158.391 140.4 18.9943 25.3715 185.301 50.2727 71.4238 23.1848 164.09 79.7586 91.7336 166.259 57.4438 71.8646 129.818 184.04 122.6 159.806 66.4839 151.774 89.5815 122.261 78.5973 18.2369 94.4857 106.425 99.7611 16.8494 11.2871 163.991 37.3862 66.1017 110.591 92.2299 157.282 113.819 33.8702 111.393 
123.675 62.1364 97.043 44.2654 45.9186 100.013 109.13 43.4293 134.8 85.1999 66.9226 78.975 88.172 116.505 89.0049 112.777 175.23 169.489 151.471 40.4295 76.6125 0 122.056 53.6284 87.639 55.9007 118.443 73.0687 14.6485 120.184 100.712 86.1185 48.0689 56.1521 64.1559 87.914 112.242 85.8721 57.1096 77.4398 81.3064 117.168 176.884 63.7878 57.6182 101.984 209.374 26.3398 95.4962 99.7973 188.162 55.6862 46.5265 190.331 73.6078 95.9371 153.89 208.112 74.6236 104.689 80.385 75.1614 113.654 146.334 97.8669 94.8494 91.1758 108.006 123.834 93.4619 65.3254 153.763 113.999 72.2418 77.8451 97.0397 106.606 110.591 74.4105 58.3737 
5.90631 102.618 124.783 142.501 117.881 29.336 12.9258 78.6268 96.7594 76.0009 55.1335 106.628 33.884 75.5031 122.361 86.2528 181.315 152.518 208.521 159.601 45.4436 122.056 0 68.4276 102.172 74.2888 127.399 92.0754 107.408 126.236 65.6022 151.345 170.125 162.954 57.9001 34.1421 18.3965 175.216 128.683 175.793 203.362 227.687 203.835 185.844 64.4379 31.7645 168.372 95.7163 68.0055 22.2588 176.329 96.6882 137.177 169.139 74.3734 59.3668 166.041 167.11 168.043 205.249 111.927 197.217 80.0939 139.033 124.041 27.2067 139.929 151.869 112.548 28.5941 56.7307 209.434 26.7229 83.0313 156.034 137.673 202.725 159.262 47.6456 156.837 
70.047 87.3973 71.2615 74.0738 49.453 46.3846 55.5018 10.1992 109.018 59.4184 29.1386 53.1935 34.5436 90.7237 63.2235 86.9955 149.448 143.708 140.093 91.1732 22.9841 53.6284 68.4276 0 61.8575 59.0683 92.6613 76.8549 38.9799 94.403 50.3817 82.9172 101.697 94.5261 27.3993 46.393 58.6135 106.788 60.2554 107.365 134.935 159.259 151.102 117.416 4.90046 48.3556 183.592 27.2887 69.7148 46.1689 162.381 81.4676 68.7496 164.55 59.1528 70.1556 128.109 182.331 99.6158 136.822 54.6035 128.79 87.8725 120.552 72.0854 41.221 71.5016 83.4412 98.0521 39.8335 11.697 141.007 60.3702 67.8107 87.6066 71.2583 134.298 90.8346 32.1611 88.4093 
103.792 149.255 22.6109 43.3736 41.7204 80.1293 89.2465 55.2254 47.1608 26.1714 90.9961 8.664 68.2883 36.6412 20.1885 25.138 87.5909 81.8505 106.348 57.4285 63.5666 87.639 102.172 61.8575 0 120.926 30.8038 138.712 92.2458 32.5454 112.239 49.1725 67.9526 60.7814 44.2722 68.0302 92.3582 73.0435 30.5294 73.6204 101.19 125.515 101.663 83.6715 56.9571 82.1002 121.735 70.2401 34.1668 79.9135 100.523 143.325 41.1125 102.692 121.01 42.8055 66.2512 120.473 65.8711 103.077 9.75518 95.0452 26.0149 58.6948 21.8685 74.9656 37.757 49.6965 36.1945 73.5782 57.5029 107.262 94.1149 129.668 53.8619 35.5012 100.553 57.0899 54.5268 54.6646 
80.1951 28.329 130.33 77.5522 79.2055 103.625 62.6001 65.7004 168.087 118.487 29.9297 112.262 92.8367 149.792 122.292 146.064 208.517 202.776 184.758 93.4454 57.3592 55.9007 74.2888 59.0683 120.926 0 151.73 17.7866 41.2521 153.471 44.8112 119.405 103.97 96.7983 86.4676 105.461 92.6853 119.159 90.3964 110.727 137.207 161.532 210.171 119.688 63.9687 46.0833 242.66 50.6858 128.783 73.7704 221.449 22.3994 79.8134 223.618 17.7072 129.224 187.177 241.399 107.91 139.094 113.672 131.062 146.941 179.621 131.154 52.0016 124.463 141.293 157.12 55.6428 63.4229 187.05 58.098 16.3412 111.132 130.327 139.893 143.878 91.2294 91.6605 
129.018 180.059 21.3998 74.1774 72.5241 105.356 114.473 86.0292 30.6393 51.3978 121.8 39.4678 93.5147 61.8676 29.4378 41.1459 56.7871 51.0467 81.122 78.0132 94.3703 118.443 127.399 92.6613 30.8038 151.73 0 169.516 123.05 1.74166 143.043 32.3242 88.1592 62.2906 69.4986 93.2566 117.585 47.8171 61.3332 48.3939 75.9637 100.288 76.4363 72.7136 87.7609 109.205 90.9308 101.044 59.3932 105.14 69.7193 174.129 71.9162 71.8882 151.814 68.0319 38.6424 89.6695 43.8191 77.8505 38.0578 69.8188 47.3049 27.891 20.5759 100.192 27.2669 24.4701 14.8507 98.8046 88.3067 82.0357 119.341 160.472 40.5977 21.4031 75.3266 31.8635 79.7532 60.0691 
97.9818 10.9324 148.116 95.3388 96.9921 121.411 80.3868 83.487 185.873 136.273 47.7163 130.048 110.623 167.579 140.078 163.85 226.303 220.563 202.545 110.613 75.1459 73.0687 92.0754 76.8549 138.712 17.7866 169.516 0 58.4202 171.258 27.6431 137.192 121.138 113.966 104.254 123.248 110.472 136.946 108.183 128.513 154.375 178.7 227.957 136.857 81.7553 60.311 260.447 68.4724 146.57 91.557 239.235 31.9827 97.6 241.404 17.7021 147.011 204.964 259.186 125.697 156.262 131.458 148.23 164.727 197.407 148.94 69.7882 142.249 159.08 174.907 73.4295 81.2095 204.837 65.3526 9.04418 128.919 148.113 157.68 161.664 109.016 109.447 
109.027 57.009 101.65 48.8722 50.5255 85.3645 94.4817 37.0204 139.407 89.8067 52.2741 83.5818 73.5235 121.112 93.6118 117.384 179.837 174.096 156.078 52.1933 61.964 14.6485 107.408 38.9799 92.2458 41.2521 123.05 58.4202 0 124.791 86.0633 90.7254 62.7174 60.759 57.7876 76.7812 97.5935 90.4789 61.7164 82.0467 95.9549 121.775 181.491 78.4363 42.9696 87.3355 213.98 22.0057 100.103 85.1488 192.769 51.0794 51.1334 194.938 58.9593 100.544 158.497 212.719 79.2305 109.296 84.9918 89.81 118.261 150.941 102.474 80.2009 95.7827 112.613 128.44 78.8134 50.6769 158.37 99.3502 57.5933 82.4519 101.647 111.213 115.198 62.5494 62.9805 
127.855 181.8 23.1415 75.9191 74.2658 104.193 113.31 87.7709 29.4763 50.2349 123.542 41.2094 92.3518 60.7046 31.1795 39.9829 55.0791 49.3051 82.2849 79.7549 96.112 120.184 126.236 94.403 32.5454 153.471 1.74166 171.258 124.791 0 144.785 34.0659 89.9008 64.0323 68.3356 92.0937 116.422 48.98 63.0748 49.5569 77.1267 101.451 77.5992 74.4553 89.5025 110.947 89.1892 102.786 58.2302 103.977 67.9776 175.871 73.6579 70.1465 153.556 66.869 39.8054 87.9278 45.5608 79.0134 39.7994 70.9817 46.1419 26.1494 22.3175 101.47 29.0086 25.6331 13.6877 97.8284 90.0484 83.1987 118.178 162.214 42.3394 23.1447 76.4896 33.0264 78.5902 61.8108 
71.5085 38.5755 121.643 121.157 96.5364 94.9382 53.9135 57.2825 159.4 109.8 33.7892 103.575 84.1501 141.105 113.605 137.377 199.83 194.09 187.176 138.257 48.6726 100.712 65.6022 50.3817 112.239 44.8112 143.043 27.6431 86.0633 144.785 0 130.001 148.781 141.609 77.781 96.7746 83.9987 153.872 107.339 154.448 182.018 206.343 201.484 164.5 55.2821 33.8377 233.974 74.3721 120.096 65.0837 212.762 59.6258 115.833 214.931 27.104 120.537 178.49 232.712 146.699 183.905 104.985 175.873 138.254 170.934 122.467 43.315 118.585 132.607 148.434 46.9562 54.7363 188.09 38.8793 28.47 134.69 121.64 181.381 137.918 82.5428 135.493 
152.964 147.734 26.5616 41.8532 40.1999 129.302 138.419 72.718 54.5854 75.3439 96.2113 44.7169 117.461 85.8137 28.984 65.092 89.1113 83.371 65.3528 45.689 105.901 86.1185 151.345 82.9172 49.1725 119.405 32.3242 137.192 90.7254 34.0659 130.001 0 55.8349 29.9664 93.4447 117.203 141.531 23.871 29.0089 24.4478 52.0177 76.3423 90.7651 40.3894 86.9069 131.273 123.255 68.7196 83.3393 129.086 102.043 141.805 39.592 104.212 119.49 91.978 67.7716 121.994 16.6986 53.9044 39.4173 45.8727 71.2509 60.2153 27.304 124.138 11.4156 21.8878 38.7968 122.751 94.6142 67.6446 143.287 128.148 8.27347 13.6713 51.3806 24.4723 103.699 27.7449 
171.744 110.205 66.7594 27.6236 52.2443 148.082 157.199 91.4982 104.516 94.124 114.991 63.497 136.241 104.594 58.7213 83.8721 144.946 139.206 121.188 10.5242 124.681 48.0689 170.125 101.697 67.9526 103.97 88.1592 121.138 62.7174 89.9008 148.781 55.8349 0 25.8685 112.225 135.983 160.311 55.5885 41.442 47.1562 33.2375 86.8846 146.6 15.7189 105.687 150.053 179.09 74.4086 102.119 147.866 157.878 89.1549 32.9477 160.047 121.677 110.758 123.607 177.829 44.34 74.4052 58.1975 29.6616 90.0311 116.05 67.5833 142.918 60.8922 77.7228 93.5499 141.531 113.394 123.48 162.068 120.311 47.5615 66.7561 76.3225 80.3072 122.479 28.0901 
164.573 117.768 40.8908 20.4523 45.073 140.911 150.028 84.3269 78.6476 86.9528 107.82 56.3258 129.07 97.4225 40.5929 76.7008 119.078 113.337 95.3191 15.7226 117.51 56.1521 162.954 94.5261 60.7814 96.7983 62.2906 113.966 60.759 64.0323 141.609 29.9664 25.8685 0 105.054 128.812 153.14 29.72 34.2707 21.2877 40.4088 64.7334 120.732 22.8902 98.5158 142.882 153.221 67.2374 94.9481 140.695 132.01 111.838 25.7765 134.179 114.505 103.587 97.738 151.96 18.4715 48.5366 51.0262 34.2638 82.8598 90.1817 41.7147 135.747 35.0237 51.8542 67.6814 134.36 106.223 97.611 154.896 113.139 21.6929 40.8876 50.4539 54.4387 115.308 6.11677 
59.5195 114.797 66.8831 84.6013 59.9805 35.8571 44.9743 20.7672 81.619 32.0191 56.5379 48.7278 24.0161 63.3243 64.4607 59.5962 123.415 116.309 150.621 101.701 29.1084 64.1559 57.9001 27.3993 44.2722 86.4676 69.4986 104.254 57.7876 68.3356 77.781 93.4447 112.225 105.054 0 23.758 48.086 117.316 70.7828 117.893 145.462 169.787 145.935 127.944 22.4989 43.9433 156.193 37.8162 42.3154 35.6414 134.981 108.867 79.2771 137.15 86.5522 42.7563 108.141 154.931 110.143 147.349 54.0274 139.317 60.4731 93.153 66.1407 34.466 82.0291 93.9687 70.6528 30.8248 23.0447 151.534 49.8427 95.21 98.1341 79.7734 144.825 101.362 10.2546 98.9368 
35.7615 133.79 90.6411 108.359 83.7385 12.099 42.8611 44.4847 62.6254 41.8588 75.5315 72.4858 12.6245 44.3307 88.2187 52.1107 147.173 118.376 174.379 125.459 48.102 87.914 34.1421 46.393 68.0302 105.461 93.2566 123.248 76.7812 92.0937 96.7746 117.203 135.983 128.812 23.758 0 24.328 141.074 94.5409 141.651 169.22 193.545 169.693 151.702 41.4925 62.9369 137.199 61.5742 33.8634 31.6909 142.187 127.861 103.035 134.997 105.546 25.2247 131.899 135.938 133.901 171.107 77.7854 163.075 45.9518 104.891 89.8987 53.4597 105.787 117.727 78.4059 49.8184 42.0383 175.292 57.8953 114.204 121.892 103.531 168.583 125.12 14.2318 122.695 
12.4902 121.014 114.969 132.687 108.067 12.229 30.0852 68.8127 86.9454 66.1868 62.7556 96.8138 24.0699 57.1066 112.547 76.4387 171.501 142.704 198.707 149.787 35.6295 112.242 18.3965 58.6135 92.3582 92.6853 117.585 110.472 97.5935 116.422 83.9987 141.531 160.311 153.14 48.086 24.328 0 165.402 118.869 165.979 193.548 217.873 194.021 176.03 54.6238 50.161 155.279 85.9022 58.1914 18.915 166.515 115.085 127.363 159.325 92.7699 49.5527 156.227 154.178 158.229 195.435 102.113 187.403 70.2798 129.219 114.227 40.6837 130.115 142.055 102.734 37.0425 46.9166 199.62 45.1194 101.428 146.22 127.859 192.911 149.448 37.8315 147.023 
176.835 147.488 50.4326 41.6067 57.3352 153.173 162.29 96.589 78.4563 99.2149 120.082 68.5879 141.332 109.685 52.855 88.963 89.3577 83.6174 65.5992 45.4426 129.772 85.8721 175.216 106.788 73.0435 119.159 47.8171 136.946 90.4789 48.98 153.872 23.871 55.5885 29.72 117.316 141.074 165.402 0 46.5328 8.43227 28.1467 52.4713 91.0116 40.1429 110.778 155.144 123.501 79.4995 107.21 152.957 102.29 141.558 39.3456 104.459 126.768 115.849 68.0181 122.24 11.2485 30.0334 63.2883 25.9269 95.1219 60.4617 51.175 148.009 35.2865 23.347 62.6678 146.622 118.485 67.891 167.158 127.901 19.1816 37.5423 27.5096 24.7187 127.57 27.4984 
130.302 118.725 39.9334 13.8184 11.191 106.64 115.757 50.0562 77.6902 52.6821 73.5495 22.0551 94.799 63.1518 31.8954 55.6674 118.12 112.38 94.3617 30.9178 83.2394 57.1096 128.683 60.2554 30.5294 90.3964 61.3332 108.183 61.7164 63.0748 107.339 29.0089 41.442 34.2707 70.7828 94.5409 118.869 46.5328 0 47.1097 74.6795 99.0041 119.774 57.1609 64.2451 108.611 152.264 39.7107 60.6774 106.424 131.052 112.796 10.5831 133.221 90.481 69.3162 96.7806 151.003 39.3604 76.5662 23.2754 68.5345 56.5443 89.2242 40.7573 101.476 34.0663 50.8968 66.7239 100.089 71.9523 96.6535 120.626 99.1389 27.3512 39.9301 74.0424 53.4813 81.0374 28.1539 
177.412 139.056 51.0095 33.2913 57.912 153.75 162.867 97.1659 79.0332 99.7917 120.659 69.1647 141.909 110.262 53.4319 89.5398 97.79 92.0497 74.0315 37.0103 130.349 77.4398 175.793 107.365 73.6204 110.727 48.3939 128.513 82.0467 49.5569 154.448 24.4478 47.1562 21.2877 117.893 141.651 165.979 8.43227 47.1097 0 27.5698 51.8944 99.4438 31.7107 111.355 155.721 131.934 80.0764 107.787 153.534 110.722 133.126 38.6155 112.891 127.344 116.426 76.4503 130.672 7.74928 29.4565 63.8652 21.4248 95.6988 68.894 51.7518 148.586 35.8634 30.5666 63.2446 147.199 119.062 76.3233 167.735 125.978 19.7584 38.1192 29.1662 33.151 128.147 19.0662 
204.982 143.443 78.5793 60.8611 85.4818 181.319 190.437 124.736 106.603 127.362 148.229 96.7345 169.478 137.831 81.0017 117.11 113.909 108.169 90.1509 43.7617 157.919 81.3064 203.362 134.935 101.19 137.207 75.9637 154.375 95.9549 77.1267 182.018 52.0177 33.2375 40.4088 145.462 169.22 193.548 28.1467 74.6795 27.5698 0 55.8479 115.563 17.5186 138.925 183.29 148.053 107.646 135.357 181.104 126.842 122.392 66.1853 129.011 154.914 143.996 92.5698 146.792 35.3191 43.3684 91.435 6.14496 123.269 85.0135 79.3216 176.156 63.4332 51.4936 90.8144 174.768 146.632 92.4428 195.305 153.548 47.3283 65.689 45.2857 49.2705 155.717 46.5256 
229.306 178.784 102.904 85.1857 109.806 205.644 214.761 149.06 130.928 151.686 172.554 121.059 193.803 162.156 105.326 141.434 58.0616 75.1687 34.3031 76.7387 182.244 117.168 227.687 159.259 125.515 161.532 100.288 178.7 121.775 101.451 206.343 76.3423 86.8846 64.7334 169.787 193.545 217.873 52.4713 99.0041 51.8944 55.8479 0 59.7155 71.439 163.249 207.615 92.2054 131.971 159.682 205.428 70.9938 172.854 90.5099 73.1627 179.239 168.32 61.6459 90.944 59.6437 22.4379 115.76 57.223 147.593 88.6541 103.646 200.48 87.7578 75.8182 115.139 199.093 170.956 36.5949 219.63 177.873 71.6529 90.0136 24.9617 68.4249 180.042 70.8502 
205.454 238.5 79.8407 132.618 130.965 181.792 190.909 144.47 107.076 127.834 180.241 97.9087 169.951 138.304 87.8787 117.582 22.5202 51.3167 25.4124 136.454 158.391 176.884 203.835 151.102 101.663 210.171 76.4363 227.957 181.491 77.5992 201.484 90.7651 146.6 120.732 145.935 169.693 194.021 91.0116 119.774 99.4438 115.563 59.7155 0 131.155 146.202 183.763 38.7423 159.485 135.829 181.576 27.506 232.57 130.357 34.6957 210.255 144.468 37.7938 39.8428 102.26 72.1949 96.4987 116.939 123.741 64.802 79.7942 176.628 85.7078 68.8773 91.287 175.241 147.104 23.1206 195.778 218.913 99.0386 79.844 70.2776 66.2928 156.189 118.51 
187.463 125.924 61.0607 43.3425 67.9632 163.801 172.918 107.217 89.0844 109.843 130.71 79.2159 151.96 120.313 63.4831 99.591 129.501 123.76 105.742 26.2431 140.4 63.7878 185.844 117.416 83.6715 119.688 72.7136 136.857 78.4363 74.4553 164.5 40.3894 15.7189 22.8902 127.944 151.702 176.03 40.1429 57.1609 31.7107 17.5186 71.439 131.155 0 121.406 165.772 163.644 90.1276 117.838 163.585 142.433 104.874 48.6667 144.602 137.396 126.477 108.161 162.383 28.8945 58.9596 73.9164 14.216 105.75 100.605 61.803 158.637 45.9146 62.2772 78.1044 157.25 129.113 108.034 177.786 136.03 32.1159 51.3105 60.8769 64.8617 138.198 29.007 
66.0573 92.2978 66.3611 78.0635 53.4427 42.3949 51.5121 14.1889 104.118 54.518 34.039 48.2931 30.5539 85.8232 58.323 82.0951 144.548 138.808 144.083 95.1629 18.9943 57.6182 64.4379 4.90046 56.9571 63.9687 87.7609 81.7553 42.9696 89.5025 55.2821 86.9069 105.687 98.5158 22.4989 41.4925 54.6238 110.778 64.2451 111.355 138.925 163.249 146.202 121.406 0 44.3658 178.692 31.2784 64.8143 42.1791 157.48 86.3681 72.7393 159.649 64.0533 65.2552 123.208 177.43 103.605 140.811 49.7031 132.78 82.972 115.652 67.185 37.2312 75.4914 87.4309 93.1516 35.8438 7.70725 144.997 56.3805 72.7112 91.5963 73.2356 138.287 94.8243 27.2607 92.399 
37.6708 70.8534 104.711 122.429 97.8086 61.1005 20.0758 58.5547 125.562 75.9624 35.0614 86.5558 50.3123 107.268 102.289 103.539 165.992 160.252 188.449 139.529 25.3715 101.984 31.7645 48.3556 82.1002 46.0833 109.205 60.311 87.3355 110.947 33.8377 131.273 150.053 142.882 43.9433 62.9369 50.161 155.144 108.611 155.721 183.29 207.615 183.763 165.772 44.3658 0 200.136 75.6442 86.2587 31.246 178.925 64.9237 117.105 181.093 42.6089 86.6995 145.969 198.875 147.971 185.177 91.8554 177.145 104.416 137.096 103.969 9.47723 119.857 131.797 114.596 13.1185 36.6586 189.362 12.0147 51.2668 135.962 117.601 182.653 139.19 48.7051 136.765 
166.712 270.989 112.331 165.108 163.455 143.05 180.06 176.96 74.5738 124.174 212.731 130.399 149.824 99.5616 120.369 96.5966 34.1438 39.8841 57.9023 168.944 185.301 209.374 168.372 183.592 121.735 242.66 90.9308 260.447 213.98 89.1892 233.974 123.255 179.09 153.221 156.193 137.199 155.279 123.501 152.264 131.934 148.053 92.2054 38.7423 163.644 178.692 200.136 0 191.975 113.877 168.89 21.2116 265.06 162.847 19.0427 242.745 113.437 55.4834 1.26133 134.75 104.685 128.989 149.428 95.7197 63.0398 111.507 190.659 118.198 101.367 85.5401 187.018 179.238 55.6105 195.094 251.403 131.529 112.334 102.768 98.7828 151.431 151 
97.3357 79.0148 79.644 46.7851 28.5197 73.6733 82.7905 17.0895 117.401 67.801 40.5828 61.5761 61.8323 99.1062 71.606 95.3781 157.831 152.091 134.072 63.8845 50.2727 26.3398 95.7163 27.2887 70.2401 50.6858 101.044 68.4724 22.0057 102.786 74.3721 68.7196 74.4086 67.2374 37.8162 61.5742 85.9022 79.4995 39.7107 80.0764 107.646 131.971 159.485 90.1276 31.2784 75.6442 191.975 0 78.0973 73.4575 170.763 73.0851 41.4609 172.932 50.7703 78.5381 136.491 190.713 72.3271 109.533 62.9861 101.501 96.255 128.935 80.468 68.5096 73.7769 90.6075 106.435 67.1222 38.9856 136.364 87.6589 59.4282 60.4461 79.6408 107.009 93.1919 48.0707 61.1206 
69.6249 157.112 56.7777 74.4958 49.8751 45.9625 66.1829 63.0826 39.3036 10.2963 98.8533 38.6224 35.9464 21.0089 54.3552 18.2473 113.309 84.5128 140.515 91.5953 71.4238 95.4962 68.0055 69.7148 34.1668 128.783 59.3932 146.57 100.103 58.2302 120.096 83.3393 102.119 94.9481 42.3154 33.8634 58.1914 107.21 60.6774 107.787 135.357 159.682 135.829 117.838 64.8143 86.2587 113.877 78.0973 0 55.0127 108.324 151.182 69.1717 101.134 128.868 8.63872 98.0356 112.616 100.038 137.244 43.9219 129.212 18.1577 71.0275 56.0353 76.7815 71.9237 83.8633 44.5425 73.1402 65.3602 141.429 81.2171 137.525 88.0287 69.6679 134.72 91.2567 37.5536 88.8314 
23.8782 102.099 102.524 120.243 95.6219 29.8545 11.1702 56.368 94.3163 53.7421 43.8406 84.3691 19.0663 76.0216 100.102 72.2935 159.056 130.26 186.262 137.342 23.1848 99.7973 22.2588 46.1689 79.9135 73.7704 105.14 91.557 85.1488 103.977 65.0837 129.086 147.866 140.695 35.6414 31.6909 18.915 152.957 106.424 153.534 181.104 205.428 181.576 163.585 42.1791 31.246 168.89 73.4575 55.0127 0 154.07 96.1697 114.918 149.847 73.8549 55.4535 143.782 167.629 145.785 182.99 89.6687 174.959 73.1704 116.774 101.782 21.7688 117.67 129.61 90.2893 18.1275 34.4719 187.176 26.2044 82.5128 133.775 115.415 180.467 137.003 25.3868 134.578 
177.948 249.778 91.1191 143.897 142.243 154.286 163.403 155.748 79.5696 102.962 191.519 109.187 142.445 110.798 99.1571 90.0762 12.9322 23.8107 36.6907 147.732 164.09 188.162 176.329 162.381 100.523 221.449 69.7193 239.235 192.769 67.9776 212.762 102.043 157.878 132.01 134.981 142.187 166.515 102.29 131.052 110.722 126.842 70.9938 27.506 142.433 157.48 178.925 21.2116 170.763 108.324 154.07 0 243.848 141.635 7.18979 221.533 116.962 34.2719 19.9502 113.538 83.4732 107.777 128.217 96.2352 41.8282 90.2951 169.447 96.9862 80.1556 64.3285 165.806 158.026 34.3989 173.883 230.191 110.317 91.1223 81.556 77.5712 130.219 129.788 
102.594 21.0503 152.729 99.9516 101.605 126.024 84.9995 88.0998 190.486 140.886 52.3291 134.661 115.236 172.191 144.691 168.463 230.916 225.176 207.157 96.1157 79.7586 55.6862 96.6882 81.4676 143.325 22.3994 174.129 31.9827 51.0794 175.871 59.6258 141.805 89.1549 111.838 108.867 127.861 115.085 141.558 112.796 133.126 122.392 172.854 232.57 104.874 86.3681 64.9237 265.06 73.0851 151.182 96.1697 243.848 0 102.213 246.017 32.5218 151.623 209.576 263.798 130.31 160.375 136.071 116.247 169.34 202.02 153.553 74.4009 146.862 163.693 179.52 78.0422 85.8222 209.449 72.9126 31.1558 133.531 152.726 162.292 166.277 113.629 114.06 
138.797 108.142 50.5164 5.32419 19.2966 115.134 124.251 58.5504 88.2732 61.1763 82.0437 32.4485 103.293 71.6461 42.4784 66.2505 128.703 122.963 104.945 22.4236 91.7336 46.5265 137.177 68.7496 41.1125 79.8134 71.9162 97.6 51.1334 73.6579 115.833 39.592 32.9477 25.7765 79.2771 103.035 127.363 39.3456 10.5831 38.6155 66.1853 90.5099 130.357 48.6667 72.7393 117.105 162.847 41.4609 69.1717 114.918 141.635 102.213 0 143.804 88.7289 77.8104 107.364 161.586 30.8662 68.072 33.8585 60.0403 67.1274 99.8073 51.3404 109.971 44.6493 61.4799 77.307 108.583 80.4465 107.237 129.12 88.5558 31.3185 50.5132 65.5482 64.0643 89.5316 19.6597 
170.759 251.947 93.288 146.066 144.412 147.096 161.018 157.917 72.3798 105.131 193.688 111.356 135.255 103.608 101.326 82.8864 15.1011 20.8414 39.3814 149.901 166.259 190.331 169.139 164.55 102.692 223.618 71.8882 241.404 194.938 70.1465 214.931 104.212 160.047 134.179 137.15 134.997 159.325 104.459 133.221 112.891 129.011 73.1627 34.6957 144.602 159.649 181.093 19.0427 172.932 101.134 149.847 7.18979 246.017 143.804 0 223.702 109.772 36.4408 17.7813 115.707 85.6422 109.946 130.386 89.0454 43.9971 92.4641 171.616 99.1551 82.3246 66.4974 167.975 160.195 40.2952 176.052 232.36 112.486 93.2912 83.7249 79.7401 132.388 131.957 
80.2797 28.2445 130.414 94.0531 79.29 103.709 62.6847 65.7849 168.171 118.571 30.0143 112.346 92.9212 149.876 122.376 146.148 208.601 202.861 184.843 111.153 57.4438 73.6078 74.3734 59.1528 121.01 17.7072 151.814 17.7021 58.9593 153.556 27.104 119.49 121.677 114.505 86.5522 105.546 92.7699 126.768 90.481 127.344 154.914 179.239 210.255 137.396 64.0533 42.6089 242.745 50.7703 128.868 73.8549 221.533 32.5218 88.7289 223.702 0 129.308 187.262 241.484 119.595 156.801 113.756 148.769 147.025 179.705 131.238 52.0861 124.547 141.378 157.205 55.7274 63.5074 187.135 47.6505 8.65789 111.216 130.411 154.277 143.962 91.314 108.389 
60.9862 157.553 65.4164 83.1346 58.5138 37.3238 66.6238 63.5235 38.8627 16.6341 99.2942 47.2611 36.3872 20.568 62.994 26.886 121.948 93.1515 149.154 100.234 71.8646 95.9371 59.3668 70.1556 42.8055 129.224 68.0319 147.011 100.544 66.869 120.537 91.978 110.758 103.587 42.7563 25.2247 49.5527 115.849 69.3162 116.426 143.996 168.32 144.468 126.477 65.2552 86.6995 113.437 78.5381 8.63872 55.4535 116.962 151.623 77.8104 109.772 129.308 0 106.674 112.175 108.677 145.882 52.5607 137.851 20.7271 79.6662 64.674 77.2223 80.5624 92.502 53.1812 73.5811 65.801 150.068 81.6579 137.966 96.6674 78.3067 143.359 99.8954 37.9945 97.4701 
167.661 215.506 56.8472 109.625 107.972 143.998 153.115 121.477 69.2817 90.0403 157.247 74.9152 132.157 100.51 64.8852 79.7884 21.3397 15.5993 42.4795 113.461 129.818 153.89 166.041 128.109 66.2512 187.177 38.6424 204.964 158.497 39.8054 178.49 67.7716 123.607 97.738 108.141 131.899 156.227 68.0181 96.7806 76.4503 92.5698 61.6459 37.7938 108.161 123.208 145.969 55.4834 136.491 98.0356 143.782 34.2719 209.576 107.364 36.4408 187.262 106.674 0 54.2221 79.2665 49.2014 73.5052 93.945 85.9473 27.0082 56.0233 138.835 62.7143 45.8838 53.4932 137.447 123.754 43.3933 157.984 195.919 76.0451 56.8505 47.2841 43.2993 118.396 95.5165 
165.612 269.728 111.069 163.847 162.194 141.949 178.799 175.699 73.3125 122.912 211.469 129.137 148.562 98.4611 119.107 95.3353 32.8824 38.6228 56.641 167.683 184.04 208.112 167.11 182.331 120.473 241.399 89.6695 259.186 212.719 87.9278 232.712 121.994 177.829 151.96 154.931 135.938 154.178 122.24 151.003 130.672 146.792 90.944 39.8428 162.383 177.43 198.875 1.26133 190.713 112.616 167.629 19.9502 263.798 161.586 17.7813 241.484 112.175 54.2221 0 133.489 103.423 127.727 148.167 94.4584 61.7785 110.245 189.398 116.936 100.106 84.2787 185.756 177.976 54.3491 193.833 250.142 130.267 111.073 101.506 97.5214 150.17 149.739 
169.663 136.24 43.2602 30.3583 50.1628 146 155.118 89.4166 71.2839 92.0425 112.91 61.4155 134.159 102.512 45.6826 81.7905 100.606 94.8658 76.8476 34.1941 122.6 74.6236 168.043 99.6158 65.8711 107.91 43.8191 125.697 79.2305 45.5608 146.699 16.6986 44.34 18.4715 110.143 133.901 158.229 11.2485 39.3604 7.74928 35.3191 59.6437 102.26 28.8945 103.605 147.971 134.75 72.3271 100.038 145.785 113.538 130.31 30.8662 115.707 119.595 108.677 79.2665 133.489 0 37.2058 56.1159 29.1741 87.9495 71.7102 44.0026 140.837 28.1141 33.3827 55.4953 139.449 111.313 79.1395 159.986 118.229 12.0092 30.3699 34.682 35.9672 120.398 16.25 
206.869 166.305 80.466 62.7478 87.3686 183.206 192.323 126.622 108.49 129.248 150.116 98.6213 171.365 139.718 82.8884 118.996 70.5411 64.8007 46.7825 64.2592 159.806 104.689 205.249 136.822 103.077 139.094 77.8505 156.262 109.296 79.0134 183.905 53.9044 74.4052 48.5366 147.349 171.107 195.435 30.0334 76.5662 29.4565 43.3684 22.4379 72.1949 58.9596 140.811 185.177 104.685 109.533 137.244 182.99 83.4732 160.375 68.072 85.6422 156.801 145.882 49.2014 103.423 37.2058 0 93.3217 44.7436 125.155 66.2162 81.2084 178.043 65.3199 53.3804 92.7012 176.655 148.519 49.0743 197.192 155.435 49.215 67.5757 2.52382 45.987 157.604 48.4123 
113.547 142.001 16.658 36.1196 34.4664 89.8844 99.0017 47.9714 54.4148 35.9266 83.7421 5.29957 78.0435 46.3964 10.4333 32.392 94.8449 89.1045 96.5932 47.6733 66.4839 80.385 111.927 54.6035 9.75518 113.672 38.0578 131.458 84.9918 39.7994 104.985 39.4173 58.1975 51.0262 54.0274 77.7854 102.113 63.2883 23.2754 63.8652 91.435 115.76 96.4987 73.9164 49.7031 91.8554 128.989 62.9861 43.9219 89.6687 107.777 136.071 33.8585 109.946 113.756 52.5607 73.5052 127.727 56.1159 93.3217 0 85.29 33.2689 65.9488 17.4819 84.7208 28.0018 39.9414 43.4485 83.3333 55.1968 97.507 103.87 122.414 44.1067 25.746 90.7979 47.3347 64.2819 44.9094 
