80 80 81 160 
81 120.294 19.7188
82 174.79 49.4744
83 70.9819 24.9165
84 187.302 9.96206
85 127.404 24.5712
86 196.203 60.4729
87 150.829 77.5579
88 151.988 61.1953
89 101.433 59.9139
90 182.011 38.6867
91 117.928 64.6314
92 149.643 68.1272
93 70.8601 62.8586
94 93.5631 16.0551
95 36.815 37.622
96 69.4268 78.5417
97 15.8766 61.778
98 85.2058 89.0011
99 5.04899 38.7882
100 22.6142 52.8993
101 108.791 3.31122
102 69.7629 90.5059
103 0 91.0235
104 113.686 51.89
105 6.93585 47.0184
106 80.7351 37.523
107 160.43 16.9216
108 0.0834113 68.0203
109 83.9864 74.3741
110 37.1465 89.0634
111 23.5008 37.5053
112 51.5784 90.5266
113 113.725 0
114 105.576 98.6554
115 8.91094 80.4691
116 119.184 59.0146
117 125.747 67.4041
118 59.7049 85.6531
119 69.5919 88.1197
120 94.1324 25.2105
121 69.6382 64.1454
122 47.2251 75.613
123 167.169 14.8001
124 64.1514 6.35558
125 66.6995 25.8198
126 145.705 57.2307
127 111.068 56.3189
128 90.9564 30.9719
129 94.5578 42.544
130 130.979 51.0668
131 44.402 24.9457
132 158.392 19.971
133 24.3273 57.0431
134 39.5892 52.6625
135 98.5235 71.9131
136 143.293 13.3986
137 108.682 91.4127
138 130.12 98.4254
139 47.4249 6.29532
140 170.692 51.6113
141 17.7544 30.4547
142 34.7076 13.272
143 184.192 74.8374
144 189.067 10.4323
145 126.559 38.0906
146 152.138 71.923
147 173.672 87.7702
148 113.081 79.8288
149 157.143 68.0203
150 172.486 59.453
151 115.212 11.8203
152 14.7616 97.1379
153 50.5775 60.5995
154 61.6989 10.4009
155 14.4088 88.645
156 43.8381 21.4797
157 41.1252 54.325
158 25.9464 92.206
159 29.2471 33.0448
160 44.6265 79.742
0 84.2516 54.5101 76.7646 11.9618 116.662 88.3734 73.1699 59.0564 80.6845 47.2791 77.7574 92.5739 30.3948 101.382 109.69 146.477 104.371 134.315 130.861 27.9112 121.318 191.599 38.7793 140.658 57.3633 42.9334 168.512 90.9631 152.492 114.58 139.524 26.2885 93.6552 172.134 40.4065 53.1382 126.524 119.103 31.6536 95.0826 128.963 51.793 69.5062 59.6957 62.9229 45.8268 40.591 48.5616 42.0324 81.1191 38.3502 133.291 113.649 73.965 29.319 83.3061 88.5325 86.2929 82.2899 113.276 92.0335 119.016 78.0595 24.6365 84.0474 121.429 67.3231 85.15 91.9261 12.9807 182.952 110.598 67.9133 174.812 78.217 113.775 166.835 104.373 135.691 
84.2516 0 128.366 52.0241 72.2898 32.4108 52.0453 34.5236 83.7969 18.0081 72.0196 43.7999 117.314 114.646 149.828 134.431 171.217 129.111 180.427 155.601 112.163 146.059 216.34 63.5198 170.31 106.007 46.9126 193.253 115.704 177.233 163.259 164.264 110.54 118.396 196.874 65.147 66.9729 151.264 143.844 104.922 119.823 153.704 42.2959 153.758 131.745 36.8414 70.5673 102.336 87.1629 45.4041 154.917 45.9014 158.032 138.389 98.7055 67.5731 108.047 93.6211 170.545 6.23556 176.056 176.285 34.7643 53.319 59.6151 45.1015 39.4139 92.0637 36.1935 12.2829 97.2323 207.692 135.338 152.165 199.552 158.947 138.516 191.576 161.973 160.431 
54.5101 128.366 0 131.275 56.7672 160.777 132.488 117.285 65.4484 124.799 86.6607 121.872 38.0638 31.4427 46.8723 55.1803 91.9668 78.3085 79.8046 76.3504 59.4141 66.8083 137.089 69.6777 86.1479 22.3597 97.4435 114.002 62.462 97.9823 60.0699 85.0135 67.6593 108.333 117.623 82.2997 97.2529 72.0135 64.5932 23.4444 40.5725 74.4532 106.303 25.3915 5.18557 107.038 71.488 26.0299 41.2034 86.1471 26.609 92.356 78.7811 59.1387 74.5382 83.8292 104.196 132.647 42.1782 126.405 58.7656 47.9189 163.131 132.57 68.7512 128.162 165.544 97.0115 129.265 136.041 57.3266 128.442 56.0874 23.7986 120.302 30.5806 59.2652 112.325 49.863 81.1808 
76.7646 52.0241 131.275 0 74.5076 59.4113 104.069 86.5478 135.821 34.016 124.044 95.824 169.339 99.8321 178.147 186.455 223.242 181.135 211.079 207.625 85.1623 198.083 268.364 115.544 217.423 134.128 33.8313 245.277 167.728 229.257 191.345 216.288 83.5396 170.42 248.898 117.171 118.997 203.288 195.868 108.418 171.847 205.728 24.9716 126.757 136.46 88.8656 122.591 117.356 125.326 97.4282 157.884 38.9188 210.056 190.413 150.73 47.4456 160.071 145.645 143.544 58.2597 190.04 155.905 67.986 2.23524 88.8717 97.1256 91.4381 144.088 88.2176 64.307 73.9482 259.716 187.362 126.042 251.576 154.982 190.54 243.6 181.138 212.456 
11.9618 72.2898 56.7672 74.5076 0 104.701 76.4116 61.208 61.3134 68.7226 49.5361 65.7956 94.8309 42.3567 103.639 111.947 148.734 106.628 136.572 133.118 39.8731 123.576 193.856 41.0363 142.915 59.6204 40.6763 170.769 93.2202 154.749 116.837 141.781 38.2503 95.9122 174.391 42.6635 44.4894 128.781 121.36 33.9106 97.3397 131.22 49.536 81.468 61.9527 50.9611 48.0838 42.8481 50.8187 30.0705 83.3762 35.5888 135.548 115.906 76.2221 27.062 85.5631 76.5706 98.2547 70.328 115.533 103.995 107.054 75.8024 14.3641 72.0856 109.467 69.5802 73.1882 79.9642 24.9425 185.209 112.855 79.8751 177.069 86.6571 116.032 169.092 106.63 137.948 
116.662 32.4108 160.777 59.4113 104.701 0 62.459 44.9374 95.3286 35.9779 82.4333 54.2136 127.728 147.057 182.238 144.845 181.631 139.525 212.838 181.162 144.574 156.473 226.753 91.0994 202.721 138.417 79.3234 203.667 126.117 187.647 195.669 174.678 142.951 128.809 207.288 78.4774 77.3866 161.678 154.258 137.333 130.237 164.118 74.7067 186.169 164.156 53.7394 89.2891 134.747 119.574 74.63 187.328 78.3122 175.305 164.424 109.119 99.9839 118.46 104.035 202.955 34.3725 208.466 208.696 26.3755 57.176 92.0259 55.5152 49.8276 102.477 46.6072 24.7363 129.643 218.106 145.752 184.576 209.966 191.358 161.225 201.989 194.384 170.845 
88.3734 52.0453 132.488 104.069 76.4116 62.459 0 17.5216 67.0397 70.0534 45.8274 10.616 94.6678 118.768 153.95 82.3856 150.732 77.066 184.549 152.873 116.285 94.0137 164.294 62.8104 174.432 110.128 70.2381 160.283 70.0261 125.188 167.38 112.219 114.662 66.3504 144.829 50.1884 35.2352 99.2189 91.7986 109.044 94.6029 105.548 79.0978 157.88 135.867 25.4505 61.0001 106.458 91.2847 46.3411 159.039 65.1506 147.016 136.135 57.9499 71.6949 56.0014 41.5758 174.666 45.8097 180.177 180.407 36.0834 105.364 63.7369 6.94376 33.0558 40.0184 15.8518 39.7624 101.354 155.647 117.21 156.287 147.507 163.069 132.936 139.53 166.095 108.386 
73.1699 34.5236 117.285 86.5478 61.208 44.9374 17.5216 0 51.8361 52.5318 37.496 9.27621 82.7908 103.565 138.746 99.9072 136.694 94.5876 169.346 137.669 101.081 111.535 181.816 47.6069 159.229 94.9249 52.7165 158.729 81.18 142.709 152.177 129.741 99.4584 83.872 162.35 34.9849 32.4492 116.741 109.32 93.8401 85.2995 119.18 61.5762 142.676 120.664 10.2469 45.7966 91.2547 76.0811 31.1375 143.835 47.629 131.813 120.931 64.1819 56.4913 73.523 59.0974 159.463 28.2881 164.974 165.203 45.846 87.8426 48.5333 10.8776 48.2594 57.54 11.9802 22.2408 86.1505 173.169 102.006 141.083 165.029 147.865 117.733 157.052 150.891 125.908 
59.0564 83.7969 65.4484 135.821 61.3134 95.3286 67.0397 51.8361 0 101.805 21.2123 56.4237 33.5175 51.7286 86.9098 50.634 87.4205 45.3143 117.51 85.8333 63.9604 62.2621 132.543 20.2771 107.393 43.0887 101.99 109.456 31.9067 93.436 100.341 80.4672 72.2055 42.8842 113.077 18.6499 31.8045 67.4672 60.0469 42.004 36.0262 69.9069 110.849 90.8399 68.8276 46.9555 13.2296 39.4186 24.245 38.3928 91.9992 96.9022 79.9764 69.0952 14.9086 88.3754 38.7479 67.1987 107.627 77.5613 113.138 113.367 97.6822 137.116 46.9493 62.7137 100.096 31.5631 63.8163 71.514 61.8728 123.895 51.5411 89.247 115.755 96.029 65.8967 107.779 99.055 76.6346 
80.6845 18.0081 124.799 34.016 68.7226 35.9779 70.0534 52.5318 101.805 0 90.0277 61.808 135.323 111.079 146.261 152.439 189.226 147.119 177.063 173.609 108.596 164.067 234.348 81.528 183.407 102.439 43.3455 211.261 133.712 195.241 159.691 182.272 106.973 136.404 214.882 83.1551 84.981 169.272 161.852 101.355 137.831 171.712 38.7288 150.191 128.178 54.8496 88.5754 98.7693 91.3103 63.4122 151.35 42.3343 176.04 156.397 116.714 64.006 126.055 111.629 166.977 24.2437 172.488 172.718 38.3314 35.3108 56.048 63.1096 57.4221 110.072 54.2016 30.291 93.6651 225.7 153.346 148.598 217.56 155.38 156.524 209.584 158.406 178.44 
47.2791 72.0196 86.6607 124.044 49.5361 82.4333 45.8274 37.496 21.2123 90.0277 0 35.2114 48.8404 72.9409 108.122 62.4113 104.905 57.0916 138.722 107.046 70.4572 74.0394 144.32 16.983 128.605 64.301 90.2125 121.233 43.684 105.213 121.553 92.2445 68.8345 46.3761 124.855 6.87261 10.5922 79.2445 71.8242 63.2163 48.7755 81.6842 99.0721 112.052 90.0398 35.1782 15.1727 60.6308 45.4573 26.6155 113.211 85.1249 101.189 90.3075 26.6859 76.5981 36.027 45.9865 128.839 65.784 134.35 134.58 76.4699 125.339 35.172 41.5014 78.8832 20.0441 42.604 59.7367 55.5267 135.673 71.3822 110.459 127.533 117.241 87.1089 119.556 120.267 88.4119 
77.7574 43.7999 121.872 95.824 65.7956 54.2136 10.616 9.27621 56.4237 61.808 35.2114 0 84.0518 108.152 143.334 90.631 140.116 85.3114 173.933 142.257 105.669 102.259 172.54 52.1944 163.816 99.5124 61.9927 149.667 71.9038 133.433 156.764 120.464 104.046 74.5958 153.074 39.5724 24.6192 107.464 100.044 98.4277 83.9869 109.904 70.8524 147.264 125.251 14.8345 50.3841 95.8422 80.6687 35.7251 148.423 56.9052 136.4 125.519 54.9057 61.0789 64.2468 49.8212 164.05 37.5643 169.561 169.791 41.2585 97.1188 53.1209 6.29002 43.6718 48.2638 7.60638 31.517 90.7381 163.892 106.594 145.671 155.752 152.453 122.32 147.776 155.479 116.632 
92.5739 117.314 38.0638 169.339 94.8309 127.728 94.6678 82.7908 33.5175 135.323 48.8404 84.0518 0 69.5065 59.2817 17.1165 56.0641 40.4882 89.8815 58.2052 97.4779 28.7446 99.0251 53.7946 79.7645 35.2106 135.507 75.9385 24.6417 59.9185 72.7126 46.9498 105.723 70.5123 79.5597 52.1674 59.4326 33.9497 26.5295 60.9203 2.50872 36.3894 144.367 63.2118 41.1994 80.473 46.7471 51.9829 44.0122 71.9103 64.3711 130.42 52.3483 41.4671 36.7179 121.893 66.376 94.8269 79.9985 111.079 85.5096 85.7392 125.31 170.633 80.4668 90.3418 127.724 59.1912 91.4444 105.032 95.3903 90.3779 22.5418 61.6189 82.2378 68.4009 38.2685 74.2612 71.4268 43.1171 
30.3948 114.646 31.4427 99.8321 42.3567 147.057 118.768 103.565 51.7286 111.079 72.9409 108.152 69.5065 0 78.315 86.623 123.409 81.3033 111.247 107.793 27.9714 98.251 168.532 55.9578 117.591 34.2959 67.7339 145.445 67.8957 129.425 91.5126 116.456 36.2166 94.6128 149.066 68.5798 83.533 103.456 96.0359 9.72456 72.0152 105.896 74.8605 39.1113 36.6283 93.3178 57.7681 17.5236 27.4836 72.4272 58.0517 68.745 110.224 90.5814 60.8183 52.3865 90.4765 118.927 55.8981 112.685 90.2083 61.6387 149.411 101.127 55.0314 114.442 151.824 83.2917 115.545 122.321 25.8839 159.884 87.5301 37.5184 151.744 55.1496 90.7079 143.768 81.3057 112.624 
101.382 149.828 46.8723 178.147 103.639 182.238 153.95 138.746 86.9098 146.261 108.122 143.334 59.2817 78.315 0 73.5314 45.0945 99.7699 32.9323 29.4781 106.286 85.8318 90.2166 91.1391 39.2756 44.0191 144.316 67.13 83.9234 51.7728 13.4309 67.6679 114.532 129.794 70.7512 103.761 118.714 70.921 83.2746 69.7288 59.3466 48.4011 153.175 58.6027 41.6867 128.499 92.9494 60.7914 62.6648 107.608 20.2633 139.228 31.9089 17.8146 95.9996 130.701 125.658 154.109 41.9365 147.866 26.2279 26.4575 184.592 179.442 90.2126 149.624 187.005 118.473 150.726 157.502 104.199 81.5694 36.7399 52.1049 73.4293 23.1654 21.0132 65.4527 12.1451 49.9314 
109.69 134.431 55.1803 186.455 111.947 144.845 82.3856 99.9072 50.634 152.439 62.4113 90.631 17.1165 86.623 73.5314 0 70.3139 26.2385 104.131 72.4549 114.594 12.3004 81.9086 70.9111 94.0142 52.327 152.624 79.8647 18.7273 42.802 86.9624 29.8333 122.84 56.2626 62.4432 69.2839 67.458 16.8333 9.74314 78.0368 14.6078 25.1304 161.483 77.4615 55.4492 97.5895 63.8636 69.0994 61.1287 89.0268 78.6208 147.536 66.598 55.7168 35.7254 139.009 52.1263 80.5771 94.2482 128.195 99.7593 99.9889 118.469 187.75 97.5833 89.3294 113.474 44.9415 98.2374 122.148 112.507 73.2614 36.7915 75.8686 65.1213 82.6506 52.5183 57.1447 85.6766 26.0006 
146.477 171.217 91.9668 223.242 148.734 181.631 150.732 136.694 87.4205 189.226 104.905 140.116 56.0641 123.409 45.0945 70.3139 0 96.5524 33.8174 15.6163 151.381 82.6142 45.1221 107.698 23.7003 89.1136 189.41 22.0355 80.7059 48.5553 31.8969 64.4503 159.626 126.576 25.6567 106.07 115.497 67.7034 80.057 114.823 56.1291 45.1835 198.27 103.697 86.7812 134.376 100.65 105.886 97.9152 125.813 65.3578 184.323 13.1856 32.8281 92.782 175.796 122.44 150.891 87.031 164.982 33.2012 67.337 181.374 224.536 134.37 146.406 183.788 115.255 147.509 158.935 149.293 36.4749 35.8794 97.1994 28.3348 68.2599 32.7016 40.4978 42.1038 46.7139 
104.371 129.111 78.3085 181.135 106.628 139.525 77.066 94.5876 45.3143 147.119 57.0916 85.3114 40.4882 81.3033 99.7699 26.2385 96.5524 0 130.37 98.6934 109.275 16.9477 87.2283 65.5914 120.253 55.9488 147.304 106.103 15.8465 48.1217 113.201 35.1529 117.52 30.0241 84.8269 63.9643 62.1384 28.8489 16.4954 72.7172 40.4233 51.3689 156.164 103.7 81.6877 92.2698 58.544 63.7797 55.8091 83.7071 104.859 142.217 92.8365 81.9553 30.4057 133.69 25.8878 54.3386 120.487 122.876 125.998 126.227 113.149 182.43 92.2637 84.0098 89.6973 37.0476 92.9178 116.828 107.187 78.5811 63.03 102.107 71.1532 108.889 78.7568 62.4643 111.915 49.8385 
134.315 180.427 79.8046 211.079 136.572 212.838 184.549 169.346 117.51 177.063 138.722 173.933 89.8815 111.247 32.9323 104.131 33.8174 130.37 0 31.6763 139.219 116.432 57.2843 121.739 10.117 76.9514 177.248 34.1976 114.523 82.3726 19.7347 98.2677 147.464 160.394 45.5428 134.361 149.314 101.521 113.874 102.661 89.9464 79.0009 186.108 91.535 74.619 159.099 123.549 93.7237 93.2646 138.208 53.1956 172.161 37.5332 48.4144 126.599 163.634 156.258 184.708 74.8688 178.466 21.039 55.1748 215.192 212.374 122.208 180.223 217.605 149.073 181.326 188.102 137.131 68.0623 67.3397 85.0372 59.2165 56.0977 51.6129 74.3152 29.9416 80.5312 
130.861 155.601 76.3504 207.625 133.118 181.162 152.873 137.669 85.8333 173.609 107.046 142.257 58.2052 107.793 29.4781 72.4549 15.6163 98.6934 31.6763 0 135.765 84.7552 60.7385 92.0812 21.5593 73.4972 173.794 37.6518 82.8469 50.6963 16.2805 66.5913 144.01 128.717 41.2731 102.685 117.638 69.8445 82.198 99.207 58.2701 47.3245 182.654 88.0808 71.1648 127.422 91.8728 90.2695 82.2989 110.197 49.7414 168.706 5.85688 17.2117 94.923 160.18 124.581 153.032 71.4146 149.365 27.3044 51.7206 183.515 208.92 118.753 148.547 185.929 117.396 149.65 156.426 133.677 52.0913 35.6634 81.5831 43.9511 52.6435 19.9366 42.6389 26.4874 48.8549 
27.9112 112.163 59.4141 85.1623 39.8731 144.574 116.285 101.081 63.9604 108.596 70.4572 105.669 97.4779 27.9714 106.286 114.594 151.381 109.275 139.219 135.765 0 126.222 196.503 53.4742 145.562 62.2673 65.2502 173.416 95.8671 157.396 119.484 144.428 8.24516 98.5591 177.038 66.0962 81.0494 131.428 124.007 36.5576 99.9866 133.867 69.8669 47.6837 64.5997 90.8342 55.2845 45.495 53.4656 69.9436 86.0231 66.2614 138.195 118.553 78.869 44.5897 88.2101 116.444 64.3499 110.201 118.18 84.0439 146.927 87.3976 52.5477 111.959 149.34 80.808 113.061 119.837 14.9306 187.856 115.501 54.1815 179.716 83.121 118.679 171.739 109.277 140.595 
121.318 146.059 66.8083 198.083 123.576 156.473 94.0137 111.535 62.2621 164.067 74.0394 102.259 28.7446 98.251 85.8318 12.3004 82.6142 16.9477 116.432 84.7552 126.222 0 70.2805 82.5392 106.315 63.9551 164.252 92.1651 30.3553 34.0589 99.2627 18.2052 134.468 43.9622 70.8888 80.912 79.0861 14.9108 2.55722 89.6649 26.4852 37.4307 173.111 89.7619 67.7495 109.218 75.4917 80.7274 72.7568 100.655 90.9211 159.164 78.8984 68.0172 47.3534 150.637 39.826 68.2768 106.549 139.823 112.06 112.289 130.097 199.378 109.211 100.957 106.645 53.9953 109.865 133.776 124.135 61.6333 49.0918 88.169 57.215 94.951 64.8186 45.5166 97.9769 35.9003 
191.599 216.34 137.089 268.364 193.856 226.753 164.294 181.816 132.543 234.348 144.32 172.54 99.0251 168.532 90.2166 81.9086 45.1221 87.2283 57.2843 60.7385 196.503 70.2805 0 152.82 50.941 134.236 234.532 23.0866 100.636 39.1066 77.019 52.0754 204.748 113.207 19.4654 151.193 149.367 65.0754 72.4957 159.945 96.5164 62.6357 243.392 148.819 131.903 179.498 145.772 151.008 143.037 170.935 110.48 229.445 58.3077 77.9502 117.634 220.918 109.071 137.522 132.153 210.104 78.3233 112.459 200.378 269.658 179.492 171.238 176.926 124.276 180.146 204.057 194.415 20.8759 81.0015 142.322 16.7873 113.382 77.8237 27.1289 87.2259 55.908 
38.7793 63.5198 69.6777 115.544 41.0363 91.0994 62.8104 47.6069 20.2771 81.528 16.983 52.1944 53.7946 55.9578 91.1391 70.9111 107.698 65.5914 121.739 92.0812 53.4742 82.5392 152.82 0 111.622 47.318 81.7127 129.733 52.1838 113.713 104.57 100.744 51.9284 54.8759 133.354 12.622 27.5752 87.7443 80.324 46.2333 56.3033 90.184 90.5723 95.0692 73.0568 37.3599 7.04748 43.6478 28.4743 18.1157 96.2284 76.6251 94.512 74.8695 35.1857 68.0983 44.5268 62.9695 111.856 57.2842 117.367 117.597 93.4529 116.839 26.6722 58.4844 95.8662 28.5439 59.587 66.3631 41.5957 144.172 71.8182 93.4763 136.032 100.258 74.996 128.056 103.284 96.9117 
140.658 170.31 86.1479 217.423 142.915 202.721 174.432 159.229 107.393 183.407 128.605 163.816 79.7645 117.591 39.2756 94.0142 23.7003 120.253 10.117 21.5593 145.562 106.315 50.941 111.622 0 83.2947 183.591 27.8543 104.406 72.2556 26.078 88.1507 153.807 150.277 35.4258 124.244 139.197 91.4038 103.757 109.004 79.8294 68.8838 192.451 97.8783 80.9623 148.982 113.432 100.067 92.0964 128.091 59.5389 178.504 27.4162 38.2974 116.482 169.977 146.141 174.591 81.2121 168.349 27.3823 61.5181 205.075 218.718 128.551 170.106 207.488 138.956 171.209 177.985 143.474 57.9452 57.2227 91.3805 49.0995 62.441 41.4959 64.1982 36.2849 70.4142 
57.3633 106.007 22.3597 134.128 59.6204 138.417 110.128 94.9249 43.0887 102.439 64.301 99.5124 35.2106 34.2959 44.0191 52.327 89.1136 55.9488 76.9514 73.4972 62.2673 63.9551 134.236 47.318 83.2947 0 100.297 111.149 40.1024 95.1291 57.252 82.1603 70.5125 85.9729 114.77 59.94 74.8932 69.1603 61.74 25.7098 37.7193 71.6 109.156 47.7512 25.7388 84.6779 49.1283 16.7723 18.8437 63.7874 48.9104 95.2092 75.9279 56.2855 52.1785 86.6824 81.8367 110.287 64.5379 104.045 70.049 70.2785 140.771 135.423 46.3915 105.802 143.184 74.6518 106.905 113.681 60.1798 125.588 53.2342 46.1583 117.448 52.9403 56.412 109.472 55.9662 78.3276 
42.9334 46.9126 97.4435 33.8313 40.6763 79.3234 70.2381 52.7165 101.99 43.3455 90.2125 61.9927 135.507 67.7339 144.316 152.624 189.41 147.304 177.248 173.794 65.2502 164.252 234.532 81.7127 183.591 100.297 0 211.446 133.896 195.426 157.513 182.457 63.6275 136.589 215.067 83.3398 85.1657 169.457 162.037 74.5869 138.016 171.897 8.85968 106.845 102.629 55.0343 88.7601 83.5244 91.495 63.597 124.052 5.08751 176.225 156.582 116.898 20.6605 126.239 111.814 123.632 44.9509 156.209 129.373 81.6769 35.1261 55.0404 63.2943 84.0902 110.257 54.3863 54.5871 50.3197 225.885 153.531 105.252 217.745 121.15 156.709 209.768 147.306 178.624 
168.512 193.253 114.002 245.277 170.769 203.667 160.283 158.729 109.456 211.261 121.233 149.667 75.9385 145.445 67.13 79.8647 22.0355 106.103 34.1976 37.6518 173.416 92.1651 23.0866 129.733 27.8543 111.149 211.446 0 90.2567 58.1061 53.9323 74.0012 181.661 136.127 21.2763 128.106 126.28 77.2543 89.6079 136.859 73.4297 54.7344 220.305 125.733 108.817 156.411 122.686 127.921 119.951 147.849 87.3932 206.358 35.2211 54.8636 102.333 197.831 131.991 160.442 109.066 187.017 55.2367 89.3724 190.925 246.572 156.405 155.957 193.339 124.806 157.059 180.97 171.329 43.7958 57.9148 119.235 34.95 90.2953 54.737 50.0487 64.1392 56.2647 
90.9631 115.704 62.462 167.728 93.2202 126.117 70.0261 81.18 31.9067 133.712 43.684 71.9038 24.6417 67.8957 83.9234 18.7273 80.7059 15.8465 114.523 82.8469 95.8671 30.3553 100.636 52.1838 104.406 40.1024 133.896 90.2567 0 61.5293 97.3544 48.5605 104.112 45.8706 81.1705 50.5566 48.7308 35.5605 28.1402 59.3095 24.5768 38.0002 142.756 87.8535 65.8412 78.8622 45.1363 50.3721 42.4015 70.2995 89.0128 128.809 76.99 66.1088 16.9981 120.282 41.7343 70.1851 104.64 109.468 110.151 110.381 100.669 169.023 78.8561 70.6021 103.082 34.5495 79.5102 103.421 93.7796 91.9887 47.1835 86.2606 83.8486 93.0426 62.9103 75.8719 96.0686 44.7278 
152.492 177.233 97.9823 229.257 154.749 187.647 125.188 142.709 93.436 195.241 105.213 133.433 59.9185 129.425 51.7728 42.802 48.5553 48.1217 82.3726 50.6963 157.396 34.0589 39.1066 113.713 72.2556 95.1291 195.426 58.1061 61.5293 0 65.2038 15.8951 165.642 78.0212 36.8298 112.086 110.26 25.9688 33.3891 120.839 57.4098 23.5291 204.285 109.713 92.7967 140.391 106.666 111.901 103.931 131.829 71.3733 190.338 44.8394 38.8436 78.5274 181.811 73.8849 102.336 93.0465 170.997 78.0007 78.2303 161.271 230.552 140.385 132.131 137.819 85.1692 141.039 164.95 155.309 30.4594 41.8949 103.215 23.1561 74.2754 38.7171 14.3427 63.918 16.8014 
114.58 163.259 60.0699 191.345 116.837 195.669 167.38 152.177 100.341 159.691 121.553 156.764 72.7126 91.5126 13.4309 86.9624 31.8969 113.201 19.7347 16.2805 119.484 99.2627 77.019 104.57 26.078 57.252 157.513 53.9323 97.3544 65.2038 0 81.0988 127.729 143.225 57.5536 117.192 132.145 84.3519 96.7055 82.9264 72.7775 61.832 166.373 71.8003 54.8843 141.93 106.38 73.989 76.0958 121.039 33.4609 152.426 20.3644 31.2455 109.431 143.899 139.089 167.539 55.1341 161.297 12.797 35.4401 198.023 192.639 103.644 163.054 200.436 131.904 164.157 170.933 117.396 68.3718 50.1709 65.3025 60.2317 36.363 34.4441 57.1463 10.2069 63.3624 
139.524 164.264 85.0135 216.288 141.781 174.678 112.219 129.741 80.4672 182.272 92.2445 120.464 46.9498 116.456 67.6679 29.8333 64.4503 35.1529 98.2677 66.5913 144.428 18.2052 52.0754 100.744 88.1507 82.1603 182.457 74.0012 48.5605 15.8951 81.0988 0 152.673 62.1261 52.7249 99.1172 97.2913 13 20.4203 107.87 44.441 19.2668 191.317 96.744 79.8279 127.423 93.6969 98.9326 90.962 118.86 72.7572 177.369 60.7345 49.8533 65.5586 168.843 57.9898 86.4407 88.3847 158.029 93.8958 94.1254 148.302 217.583 127.417 119.163 124.85 72.2005 128.071 151.981 142.34 43.4282 30.928 90.2462 39.0512 76.7871 46.6547 27.3114 79.813 17.7365 
26.2885 110.54 67.6593 83.5396 38.2503 142.951 114.662 99.4584 72.2055 106.973 68.8345 104.046 105.723 36.2166 114.532 122.84 159.626 117.52 147.464 144.01 8.24516 134.468 204.748 51.9284 153.807 70.5125 63.6275 181.661 104.112 165.642 127.729 152.673 0 106.804 185.283 64.4735 79.4267 139.673 132.252 44.8027 108.232 142.112 68.2442 55.9288 72.8448 89.2114 58.9759 53.7402 61.7108 68.3209 94.2683 64.6387 146.44 126.798 87.1142 42.967 96.4552 114.821 72.595 108.578 126.425 92.2891 145.304 85.7749 50.925 110.336 147.718 80.4723 111.439 118.215 13.3078 196.101 123.747 62.4266 187.961 91.3662 126.924 179.984 117.522 148.84 
93.6552 118.396 108.333 170.42 95.9122 128.809 66.3504 83.872 42.8842 136.404 46.3761 74.5958 70.5123 94.6128 129.794 56.2626 126.576 30.0241 160.394 128.717 98.5591 43.9622 113.207 54.8759 150.277 85.9729 136.589 136.127 45.8706 78.0212 143.225 62.1261 106.804 0 114.851 53.2487 51.4228 58.873 46.5194 84.8882 70.4474 81.3929 145.448 133.724 111.712 81.5542 47.8284 82.3027 67.1292 72.9916 134.883 131.501 122.861 111.979 33.7944 122.974 10.3491 24.7746 150.511 112.16 156.022 156.251 102.434 171.715 81.5481 73.2942 78.9818 26.332 82.2022 106.113 96.4716 92.3315 93.0541 132.131 101.177 138.913 108.781 86.0786 141.939 79.8626 
172.134 196.874 117.623 248.898 174.391 207.288 144.829 162.35 113.077 214.882 124.855 153.074 79.5597 149.066 70.7512 62.4432 25.6567 84.8269 45.5428 41.2731 177.038 70.8888 19.4654 133.354 35.4258 114.77 215.067 21.2763 81.1705 36.8298 57.5536 52.7249 185.283 114.851 0 131.727 129.901 55.978 68.3315 140.48 77.051 43.1703 223.927 129.354 112.438 160.033 126.307 131.543 123.572 151.47 91.0145 209.979 38.8424 58.4848 98.1686 201.453 110.715 139.166 112.688 190.639 58.8579 92.9937 180.912 250.193 160.027 151.773 172.062 104.81 160.681 184.591 174.95 22.5194 61.5361 122.856 13.6737 93.9166 58.3583 28.7724 67.7605 36.4427 
40.4065 65.147 82.2997 117.171 42.6635 78.4774 50.1884 34.9849 18.6499 83.1551 6.87261 39.5724 52.1674 68.5798 103.761 69.2839 106.07 63.9643 134.361 102.685 66.0962 80.912 151.193 12.622 124.244 59.94 83.3398 128.106 50.5566 112.086 117.192 99.1172 64.4735 53.2487 131.727 0 14.9532 86.1172 78.6969 58.8553 54.6761 88.5568 92.1995 107.691 85.6788 28.3056 10.8117 56.2698 41.0962 19.7429 108.85 78.2523 96.8276 85.9465 33.5585 69.7255 42.8996 50.3475 124.478 58.9114 129.989 130.219 80.8309 118.466 28.2994 45.8625 83.2443 26.9167 46.965 53.7411 51.1657 142.545 70.191 106.098 134.405 112.88 82.7479 126.429 115.906 95.2845 
53.1382 66.9729 97.2529 118.997 44.4894 77.3866 35.2352 32.4492 31.8045 84.981 10.5922 24.6192 59.4326 83.533 118.714 67.458 115.497 62.1384 149.314 117.638 81.0494 79.0861 149.367 27.5752 139.197 74.8932 85.1657 126.28 48.7308 110.26 132.145 97.2913 79.4267 51.4228 129.901 14.9532 0 84.2913 76.871 73.8085 59.3677 86.731 94.0254 122.644 100.632 30.1314 25.7649 71.223 56.0494 21.5687 123.804 80.0782 111.781 100.9 31.7327 71.5514 41.0738 35.3943 139.431 60.7373 144.942 145.172 65.8777 120.292 30.1253 30.9092 68.291 25.0908 32.0118 54.69 66.1189 140.719 81.9743 121.051 132.579 127.833 97.7011 124.603 130.859 93.4586 
126.524 151.264 72.0135 203.288 128.781 161.678 99.2189 116.741 67.4672 169.272 79.2445 107.464 33.9497 103.456 70.921 16.8333 67.7034 28.8489 101.521 69.8445 131.428 14.9108 65.0754 87.7443 91.4038 69.1603 169.457 77.2543 35.5605 25.9688 84.3519 13 139.673 58.873 55.978 86.1172 84.2913 0 12.3536 94.8701 31.441 22.5199 178.317 83.7439 66.8279 114.423 80.6969 85.9326 77.962 105.86 76.0104 164.369 63.9876 53.1064 52.5586 155.843 54.7367 83.1876 91.6378 145.029 97.1489 97.3785 135.302 204.583 114.417 106.163 116.084 59.2005 115.071 138.981 129.34 56.4282 34.1811 77.2462 48.288 80.0402 49.9078 40.3114 83.0661 20.9896 
119.103 143.844 64.5932 195.868 121.36 154.258 91.7986 109.32 60.0469 161.852 71.8242 100.044 26.5295 96.0359 83.2746 9.74314 80.057 16.4954 113.874 82.198 124.007 2.55722 72.4957 80.324 103.757 61.74 162.037 89.6079 28.1402 33.3891 96.7055 20.4203 132.252 46.5194 68.3315 78.6969 76.871 12.3536 0 87.4498 24.0207 34.8735 170.896 87.2047 65.1923 107.002 73.2766 78.5123 70.5417 98.4397 88.3639 156.949 76.3411 65.4599 45.1383 148.422 42.3832 70.834 103.991 137.608 109.502 109.732 127.882 197.163 106.996 98.7424 104.43 51.7802 107.65 131.561 121.92 63.8485 46.5346 85.6118 55.7083 92.3938 62.2614 47.7317 95.4197 33.3431 
31.6536 104.922 23.4444 108.418 33.9106 137.333 109.044 93.8401 42.004 101.355 63.2163 98.4277 60.9203 9.72456 69.7288 78.0368 114.823 72.7172 102.661 99.207 36.5576 89.6649 159.945 46.2333 109.004 25.7098 74.5869 136.859 59.3095 120.839 82.9264 107.87 44.8027 84.8882 140.48 58.8553 73.8085 94.8701 87.4498 0 63.429 97.3097 83.4466 48.8359 28.0421 83.5932 48.0436 8.93746 17.759 62.7027 49.9951 69.4994 101.638 81.9952 51.0938 60.9726 80.7519 109.203 65.6226 102.96 81.6221 71.3633 139.686 109.713 45.3068 104.718 142.1 73.5671 105.82 112.596 34.47 151.298 78.9439 47.243 143.158 54.025 82.1217 135.181 72.7196 104.037 
95.0826 119.823 40.5725 171.847 97.3397 130.237 94.6029 85.2995 36.0262 137.831 48.7755 83.9869 2.50872 72.0152 59.3466 14.6078 56.1291 40.4233 89.9464 58.2701 99.9866 26.4852 96.5164 56.3033 79.8294 37.7193 138.016 73.4297 24.5768 57.4098 72.7775 44.441 108.232 70.4474 77.051 54.6761 59.3677 31.441 24.0207 63.429 0 33.8807 146.876 63.2767 41.2643 82.9817 49.2558 54.4916 46.521 74.419 64.436 132.928 52.4132 41.532 36.653 124.402 66.3111 94.7619 80.0634 113.588 85.5745 85.8041 125.245 173.142 82.9755 90.2769 127.659 59.1263 91.3795 107.54 97.899 87.8692 22.6067 61.6838 79.7291 68.4658 38.3335 71.7524 71.4918 40.6084 
128.963 153.704 74.4532 205.728 131.22 164.118 105.548 119.18 69.9069 171.712 81.6842 109.904 36.3894 105.896 48.4011 25.1304 45.1835 51.3689 79.0009 47.3245 133.867 37.4307 62.6357 90.184 68.8838 71.6 171.897 54.7344 38.0002 23.5291 61.832 19.2668 142.112 81.3929 43.1703 88.5568 86.731 22.5199 34.8735 97.3097 33.8807 0 180.756 86.1836 69.2676 116.862 83.1365 88.3723 80.4017 108.3 53.4904 166.809 41.4676 30.5865 54.9983 158.282 77.2567 105.707 69.5174 147.468 74.629 74.8585 137.742 207.023 116.856 108.602 138.604 70.0718 117.51 141.421 131.78 53.9885 18.3658 79.6858 45.8484 57.5203 27.3879 37.8717 60.5462 6.72766 
51.793 42.2959 106.303 24.9716 49.536 74.7067 79.0978 61.5762 110.849 38.7288 99.0721 70.8524 144.367 74.8605 153.175 161.483 198.27 156.164 186.108 182.654 69.8669 173.111 243.392 90.5723 192.451 109.156 8.85968 220.305 142.756 204.285 166.373 191.317 68.2442 145.448 223.927 92.1995 94.0254 178.317 170.896 83.4466 146.876 180.756 0 111.462 111.489 63.8939 97.6198 92.3841 100.355 72.4566 132.912 13.9472 185.084 165.442 125.758 25.2771 135.099 120.674 128.249 40.3342 165.069 133.989 77.0602 26.2665 63.9001 72.154 79.4736 119.116 63.246 49.9704 54.9363 234.745 162.391 109.869 226.605 130.01 165.568 218.628 156.166 187.484 
69.5062 153.758 25.3915 126.757 81.468 186.169 157.88 142.676 90.8399 150.191 112.052 147.264 63.2118 39.1113 58.6027 77.4615 103.697 103.7 91.535 88.0808 47.6837 89.7619 148.819 95.0692 97.8783 47.7512 106.845 125.733 87.8535 109.713 71.8003 96.744 55.9288 133.724 129.354 107.691 122.644 83.7439 87.2047 48.8359 63.2767 86.1836 111.462 0 22.0124 132.429 96.8795 51.4213 66.5949 111.539 38.3394 107.856 90.5116 70.8691 99.9297 86.1847 129.588 158.039 16.7867 151.796 70.496 36.3602 188.522 128.993 94.1427 153.554 190.935 122.403 154.656 161.432 56.5255 140.172 67.8178 6.49778 132.032 35.4373 70.9956 124.055 61.5934 92.9113 
59.6957 131.745 5.18557 136.46 61.9527 164.156 135.867 120.664 68.8276 128.178 90.0398 125.251 41.1994 36.6283 41.6867 55.4492 86.7812 81.6877 74.619 71.1648 64.5997 67.7495 131.903 73.0568 80.9623 25.7388 102.629 108.817 65.8412 92.7967 54.8843 79.8279 72.8448 111.712 112.438 85.6788 100.632 66.8279 65.1923 28.0421 41.2643 69.2676 111.489 22.0124 0 110.417 74.8671 29.409 44.5826 89.5262 23.1716 97.5415 73.5956 53.9531 77.9173 89.0147 107.575 136.026 38.7991 129.784 53.58 44.5397 166.51 137.755 72.1303 131.541 168.923 100.391 132.644 139.42 62.5121 123.256 50.9018 20.4195 115.116 27.2015 54.0796 107.139 44.6774 75.9953 
62.9229 36.8414 107.038 88.8656 50.9611 53.7394 25.4505 10.2469 46.9555 54.8496 35.1782 14.8345 80.473 93.3178 128.499 97.5895 134.376 92.2698 159.099 127.422 90.8342 109.218 179.498 37.3599 148.982 84.6779 55.0343 156.411 78.8622 140.391 141.93 127.423 89.2114 81.5542 160.033 28.3056 30.1314 114.423 107.002 83.5932 82.9817 116.862 63.8939 132.429 110.417 0 35.5496 81.0078 65.8342 20.8906 133.588 49.9468 121.566 110.684 61.8641 46.2444 71.2052 56.7797 149.216 30.6059 154.727 154.956 56.093 90.1604 38.2864 21.1245 58.5063 55.2222 22.2271 29.0031 75.9036 170.851 98.4966 130.836 162.711 137.618 107.486 154.734 140.644 123.59 
45.8268 70.5673 71.488 122.591 48.0838 89.2891 61.0001 45.7966 13.2296 88.5754 15.1727 50.3841 46.7471 57.7681 92.9494 63.8636 100.65 58.544 123.549 91.8728 55.2845 75.4917 145.772 7.04748 113.432 49.1283 88.7601 122.686 45.1363 106.666 106.38 93.6969 58.9759 47.8284 126.307 10.8117 25.7649 80.6969 73.2766 48.0436 49.2558 83.1365 97.6198 96.8795 74.8671 35.5496 0 45.4581 30.2845 25.1632 98.0387 83.6726 87.4645 75.1348 28.1382 75.1458 37.4793 61.1592 113.666 64.3317 119.177 119.407 91.6426 123.886 33.7197 56.6742 94.056 25.5235 57.7767 64.5528 48.6432 137.125 64.7707 95.2866 128.985 102.069 71.9362 121.008 105.095 89.8642 
40.591 102.336 26.0299 117.356 42.8481 134.747 106.458 91.2547 39.4186 98.7693 60.6308 95.8422 51.9829 17.5236 60.7914 69.0994 105.886 63.7797 93.7237 90.2695 45.495 80.7274 151.008 43.6478 100.067 16.7723 83.5244 127.921 50.3721 111.901 73.989 98.9326 53.7402 82.3027 131.543 56.2698 71.223 85.9326 78.5123 8.93746 54.4916 88.3723 92.3841 51.4213 29.409 81.0078 45.4581 0 15.1736 60.1172 52.5806 78.4369 92.7002 73.0578 48.5083 69.9101 78.1665 106.617 68.2081 100.375 73.7192 73.9487 137.101 118.651 42.7213 102.132 139.514 70.9816 103.235 110.011 43.4075 142.361 70.0065 49.8284 134.221 56.6105 73.1843 126.244 63.7821 95.0999 
48.5616 87.1629 41.2034 125.326 50.8187 119.574 91.2847 76.0811 24.245 91.3103 45.4573 80.6687 44.0122 27.4836 62.6648 61.1287 97.9152 55.8091 93.2646 82.2989 53.4656 72.7568 143.037 28.4743 92.0964 18.8437 91.495 119.951 42.4015 103.931 76.0958 90.962 61.7108 67.1292 123.572 41.0962 56.0494 77.962 70.5417 17.759 46.521 80.4017 100.355 66.5949 44.5826 65.8342 30.2845 15.1736 0 44.9436 67.7542 86.4075 84.7296 65.0872 33.3348 77.8807 62.9929 91.4437 83.3817 85.2011 88.8927 89.1223 121.927 126.621 36.4546 86.9587 124.34 55.8081 88.0613 94.8373 51.3781 134.39 62.0359 65.002 126.25 71.784 65.2137 118.273 74.81 87.1293 
42.0324 45.4041 86.1471 97.4282 30.0705 74.63 46.3411 31.1375 38.3928 63.4122 26.6155 35.7251 71.9103 72.4272 107.608 89.0268 125.813 83.7071 138.208 110.197 69.9436 100.655 170.935 18.1157 128.091 63.7874 63.597 147.849 70.2995 131.829 121.039 118.86 68.3209 72.9916 151.47 19.7429 21.5687 105.86 98.4397 62.7027 74.419 108.3 72.4566 111.539 89.5262 20.8906 25.1632 60.1172 44.9436 0 112.698 58.5094 112.628 92.9852 53.3014 49.9826 62.6425 48.217 128.325 40.2575 133.836 134.066 76.9835 98.7231 17.3958 42.0151 79.3969 46.6596 43.1177 49.8937 55.013 162.288 89.9339 109.946 154.148 116.728 93.1117 146.171 119.754 115.027 
81.1191 154.917 26.609 157.884 83.3762 187.328 159.039 143.835 91.9992 151.35 113.211 148.423 64.3711 58.0517 20.2633 78.6208 65.3578 104.859 53.1956 49.7414 86.0231 90.9211 110.48 96.2284 59.5389 48.9104 124.052 87.3932 89.0128 71.3733 33.4609 72.7572 94.2683 134.883 91.0145 108.85 123.804 76.0104 88.3639 49.9951 64.436 53.4904 132.912 38.3394 23.1716 133.588 98.0387 52.5806 67.7542 112.698 0 118.965 52.1721 32.5297 101.089 110.438 130.747 159.198 21.6732 152.955 32.1566 21.3681 189.681 159.179 95.3019 154.713 192.095 123.562 155.815 162.591 83.9356 101.833 41.8293 31.8417 93.6925 4.02986 32.6562 85.7159 23.254 55.0208 
38.3502 45.9014 92.356 38.9188 35.5888 78.3122 65.1506 47.629 96.9022 42.3343 85.1249 56.9052 130.42 68.745 139.228 147.536 184.323 142.217 172.161 168.706 66.2614 159.164 229.445 76.6251 178.504 95.2092 5.08751 206.358 128.809 190.338 152.426 177.369 64.6387 131.501 209.979 78.2523 80.0782 164.369 156.949 69.4994 132.928 166.809 13.9472 107.856 97.5415 49.9468 83.6726 78.4369 86.4075 58.5094 118.965 0 171.137 151.495 111.811 21.6716 121.152 106.726 124.643 43.9397 151.122 130.384 80.6657 40.2136 49.9529 58.2068 83.0791 105.169 49.2988 53.5759 51.3308 220.798 148.443 106.263 212.658 116.063 151.621 204.681 142.219 173.537 
133.291 158.032 78.7811 210.056 135.548 175.305 147.016 131.813 79.9764 176.04 101.189 136.4 52.3483 110.224 31.9089 66.598 13.1856 92.8365 37.5332 5.85688 138.195 78.8984 58.3077 94.512 27.4162 75.9279 176.225 35.2211 76.99 44.8394 20.3644 60.7345 146.44 122.861 38.8424 96.8276 111.781 63.9876 76.3411 101.638 52.4132 41.4676 185.084 90.5116 73.5956 121.566 87.4645 92.7002 84.7296 112.628 52.1721 171.137 0 19.6425 89.0662 162.61 118.724 147.175 73.8454 151.796 33.1613 54.1513 177.659 211.351 121.184 142.69 180.072 111.539 143.793 150.569 136.108 49.6605 29.8065 84.0138 41.5204 55.0742 19.516 36.782 28.9181 42.998 
113.649 138.389 59.1387 190.413 115.906 164.424 136.135 120.931 69.0952 156.397 90.3075 125.519 41.4671 90.5814 17.8146 55.7168 32.8281 81.9553 48.4144 17.2117 118.553 68.0172 77.9502 74.8695 38.2974 56.2855 156.582 54.8636 66.1088 38.8436 31.2455 49.8533 126.798 111.979 58.4848 85.9465 100.9 53.1064 65.4599 81.9952 41.532 30.5865 165.442 70.8691 53.9531 110.684 75.1348 73.0578 65.0872 92.9852 32.5297 151.495 19.6425 0 78.185 142.968 107.843 136.294 54.2029 132.154 44.0425 44.2721 166.777 191.708 101.542 131.809 169.191 100.658 132.911 139.688 116.465 69.303 18.9253 64.3713 61.1629 35.4318 3.19854 53.1863 29.9598 32.1168 
73.965 98.7055 74.5382 150.73 76.2221 109.119 57.9499 64.1819 14.9086 116.714 26.6859 54.9057 36.7179 60.8183 95.9996 35.7254 92.782 30.4057 126.599 94.923 78.869 47.3534 117.634 35.1857 116.482 52.1785 116.898 102.333 16.9981 78.5274 109.431 65.5586 87.1142 33.7944 98.1686 33.5585 31.7327 52.5586 45.1383 51.0938 36.653 54.9983 125.758 99.9297 77.9173 61.8641 28.1382 48.5083 33.3348 53.3014 101.089 111.811 89.0662 78.185 0 103.284 29.6582 58.109 116.716 92.47 122.227 122.457 88.5924 152.025 61.858 53.6239 91.0057 22.4733 62.5121 86.4227 76.7815 108.987 59.2596 98.3368 100.847 105.119 74.9864 92.87 108.145 61.7259 
29.319 67.5731 83.8292 47.4456 27.062 99.9839 71.6949 56.4913 88.3754 64.006 76.5981 61.0789 121.893 52.3865 130.701 139.009 175.796 133.69 163.634 160.18 44.5897 150.637 220.918 68.0983 169.977 86.6824 20.6605 197.831 120.282 181.811 143.899 168.843 42.967 122.974 201.453 69.7255 71.5514 155.843 148.422 60.9726 124.402 158.282 25.2771 86.1847 89.0147 46.2444 75.1458 69.9101 77.8807 49.9826 110.438 21.6716 162.61 142.968 103.284 0 112.625 98.1996 102.971 65.6113 142.595 108.712 102.337 48.7405 41.4261 67.3689 104.751 96.6422 68.4715 75.2476 29.6592 212.271 139.917 84.5918 204.131 107.536 143.094 196.154 133.692 165.01 
83.3061 108.047 104.196 160.071 85.5631 118.46 56.0014 73.523 38.7479 126.055 36.027 64.2468 66.376 90.4765 125.658 52.1263 122.44 25.8878 156.258 124.581 88.2101 39.826 109.071 44.5268 146.141 81.8367 126.239 131.991 41.7343 73.8849 139.089 57.9898 96.4552 10.3491 110.715 42.8996 41.0738 54.7367 42.3832 80.7519 66.3111 77.2567 135.099 129.588 107.575 71.2052 37.4793 78.1665 62.9929 62.6425 130.747 121.152 118.724 107.843 29.6582 112.625 0 28.4508 146.375 101.811 151.886 152.115 92.0848 161.366 71.199 62.9451 68.6327 15.983 71.8531 95.7638 86.1225 99.6457 88.9178 127.995 97.041 134.777 104.645 83.5289 137.803 75.7263 
88.5325 93.6211 132.647 145.645 76.5706 104.035 41.5758 59.0974 67.1987 111.629 45.9865 49.8212 94.8269 118.927 154.109 80.5771 150.891 54.3386 184.708 153.032 116.444 68.2768 137.522 62.9695 174.591 110.287 111.814 160.442 70.1851 102.336 167.539 86.4407 114.821 24.7746 139.166 50.3475 35.3943 83.1876 70.834 109.203 94.7619 105.707 120.674 158.039 136.026 56.7797 61.1592 106.617 91.4437 48.217 159.198 106.726 147.175 136.294 58.109 98.1996 28.4508 0 174.825 87.3855 180.336 180.566 77.6593 146.94 63.896 48.5196 54.2072 35.6357 57.4276 81.3382 101.513 116.646 117.369 156.446 125.492 163.228 133.095 110.393 166.254 104.177 
86.2929 170.545 42.1782 143.544 98.2547 202.955 174.666 159.463 107.627 166.977 128.839 164.05 79.9985 55.8981 41.9365 94.2482 87.031 120.487 74.8688 71.4146 64.3499 106.549 132.153 111.856 81.2121 64.5379 123.632 109.066 104.64 93.0465 55.1341 88.3847 72.595 150.511 112.688 124.478 139.431 91.6378 103.991 65.6226 80.0634 69.5174 128.249 16.7867 38.7991 149.216 113.666 68.2081 83.3817 128.325 21.6732 124.643 73.8454 54.2029 116.716 102.971 146.375 174.825 0 168.583 53.8298 19.694 205.309 145.779 110.929 170.34 207.722 139.19 171.443 178.219 73.3122 123.506 57.4568 18.3796 115.366 18.7711 54.3294 107.389 44.9272 76.2451 
82.2899 6.23556 126.405 58.2597 70.328 34.3725 45.8097 28.2881 77.5613 24.2437 65.784 37.5643 111.079 112.685 147.866 128.195 164.982 122.876 178.466 149.365 110.201 139.823 210.104 57.2842 168.349 104.045 44.9509 187.017 109.468 170.997 161.297 158.029 108.578 112.16 190.639 58.9114 60.7373 145.029 137.608 102.96 113.588 147.468 40.3342 151.796 129.784 30.6059 64.3317 100.375 85.2011 40.2575 152.955 43.9397 151.796 132.154 92.47 65.6113 101.811 87.3855 168.583 0 174.094 174.323 36.726 59.5545 57.6533 38.8659 39.1394 85.8281 29.9579 9.63621 95.2705 201.457 129.102 150.203 193.317 156.985 132.28 185.34 160.011 154.196 
113.276 176.056 58.7656 190.04 115.533 208.466 180.177 164.974 113.138 172.488 134.35 169.561 85.5096 90.2083 26.2279 99.7593 33.2012 125.998 21.039 27.3044 118.18 112.06 78.3233 117.367 27.3823 70.049 156.209 55.2367 110.151 78.0007 12.797 93.8958 126.425 156.022 58.8579 129.989 144.942 97.1489 109.502 81.6221 85.5745 74.629 165.069 70.496 53.58 154.727 119.177 73.7192 88.8927 133.836 32.1566 151.122 33.1613 44.0425 122.227 142.595 151.886 180.336 53.8298 174.094 0 34.1358 210.82 191.335 116.44 175.851 213.233 144.701 176.954 183.73 116.092 69.6761 62.9678 63.9982 61.536 35.0587 47.241 69.9433 14.0828 76.1593 
