80 80 81 160 
81 23.1008 62.7555
82 131.887 31.5412
83 44.6713 60.1674
84 160.928 76.7745
85 160.16 98.9394
86 88.2189 89.9887
87 110.295 74.6014
88 172.039 86.2784
89 140.898 99.5399
90 116.369 64.0964
91 17.5391 5.33115
92 46.001 92.5891
93 120.253 14.6116
94 67.7832 54.7889
95 128.295 3.30371
96 18.8153 57.4616
97 6.58573 44.3257
98 184.665 10.828
99 178.874 26.953
100 79.3494 34.8351
101 11.5087 87.4006
102 132.247 55.2937
103 55.8438 90.2088
104 45.3001 56.0657
105 24.9116 10.5216
106 80.817 72.1084
107 137.966 17.4409
108 7.58664 61.1243
109 167.188 96.4988
110 166.087 24.8981
111 75.4398 12.5328
112 5.12893 88.3782
113 152.569 0
114 142.997 58.8075
115 141.1 97.5513
116 77.873 94.2584
117 58.5322 7.55862
118 54.2615 4.26347
119 5.96641 89.918
120 141.769 38.2304
121 82.8953 94.8162
122 95.1861 89.3648
123 86.9026 31.8746
124 33.1364 11.3282
125 105.237 73.2081
126 71.2241 40.6227
127 116.744 73.5363
128 192.238 29.9308
129 56.4524 60.4632
130 65.5772 91.6721
131 110.198 12.7913
132 109.198 48.3367
133 71.3961 25.4859
134 91.4681 89.7056
135 113.601 53.5193
136 187.653 60.4175
137 56.3268 46.4863
138 166.501 7.90015
139 192.171 69.5822
140 26.7116 5.87342
141 57.1458 80.6466
142 174.908 31.1864
143 156.294 50.9163
144 54.5829 80.6418
145 9.96676 97.1497
146 115.836 83.2438
147 159.82 67.7072
148 12.2313 37.1477
149 111.908 48.2522
150 178.962 32.2748
151 37.0963 17.9941
152 7.36899 2.41311
153 186.054 26.1887
154 7.37473 79.1612
155 82.1511 100
156 180.287 64.509
157 34.6753 13.634
158 157.18 84.7752
159 0.114217 47.5984
160 160.92 94.1135
0 140 24.1585 151.846 173.244 92.3514 99.0401 172.461 154.582 94.6087 62.986 52.7338 145.296 52.649 164.646 9.57942 34.9449 213.491 191.576 84.1689 36.2372 116.608 60.1963 28.8891 54.0447 67.0692 160.179 17.1454 177.83 180.843 102.562 43.5946 192.224 123.844 152.795 86.2751 90.6283 89.6527 44.297 143.193 91.8552 98.6946 94.6827 61.4629 92.5891 70.2561 104.424 201.962 35.6439 71.393 137.062 100.516 85.5649 95.3174 99.7363 166.89 49.4952 198.256 175.897 60.4928 51.9361 183.376 145.032 49.3684 47.5283 113.224 141.671 36.4773 103.31 186.342 58.7568 76.0742 199.52 32.1318 96.2948 158.94 60.696 156.099 38.1437 169.177 
140 0 115.842 74.2745 95.672 102.115 64.6518 94.8896 77.0099 48.0734 140.558 146.934 28.5636 87.3512 31.8295 138.992 138.086 73.4912 51.5756 55.8313 176.237 24.1128 134.711 111.111 127.995 91.6369 20.1791 153.883 100.259 40.8431 75.4553 183.595 52.2236 38.3763 75.2238 116.731 97.3371 104.903 184.297 16.5714 112.266 94.5243 45.3175 118.963 68.3165 69.7441 57.1381 61.9616 104.356 126.44 40.4383 39.4843 66.5459 98.583 40.2639 84.6426 90.505 58.2554 98.3256 130.843 123.846 43.3762 43.7821 126.405 187.529 67.7534 64.0997 125.262 36.6898 47.809 108.338 153.646 59.5194 172.132 118.194 81.3682 115.119 78.5274 147.83 91.6056 
24.1585 115.842 0 132.864 154.261 73.3689 80.0577 153.479 135.599 75.6262 81.9685 33.7513 121.137 28.4905 140.487 28.5619 53.9273 189.333 167.417 60.0104 60.3958 92.4494 41.2138 4.73051 69.4055 48.0867 136.021 38.0415 158.848 156.685 78.4031 67.7531 168.065 99.6854 133.813 67.2927 66.4697 65.4941 68.4555 119.035 72.8728 79.7121 70.5242 60.3741 73.6066 46.0976 85.4413 177.803 12.0768 52.4105 112.903 76.3574 61.4064 76.335 75.5777 143.232 25.3367 174.097 156.915 72.2538 32.9536 159.218 120.874 30.3859 71.6869 94.2411 122.689 55.4597 79.1519 162.183 49.7483 95.0567 175.361 56.2903 77.3124 139.957 56.5294 137.117 57.1261 150.195 
151.846 74.2745 132.864 0 22.9324 85.9233 52.806 20.615 42.7956 57.2375 214.832 130.742 102.838 115.13 106.104 161.426 186.791 89.6833 67.7677 123.518 160.045 50.1617 118.519 136.337 202.269 84.777 82.296 168.992 25.9841 57.0351 149.73 167.403 85.1333 35.8983 40.6044 100.539 171.612 179.178 168.105 57.7031 96.0744 78.3322 118.925 193.238 59.2571 125.856 47.4224 78.1537 120.787 110.248 114.713 80.1678 140.82 82.391 70.5822 43.0821 134.889 74.4475 38.4355 205.117 107.654 59.5683 30.4924 110.212 171.336 51.5613 10.1748 188.323 77.5424 62.5338 182.612 227.92 75.7114 155.94 102.002 31.6246 189.393 11.7485 189.99 17.3469 
173.244 95.672 154.261 22.9324 0 80.8922 74.2034 24.5397 19.8632 78.6349 236.23 120.51 124.236 136.528 127.501 182.823 208.188 112.616 90.7001 144.915 160.191 71.5591 113.047 157.734 223.667 106.174 103.693 190.389 9.46787 79.9676 171.127 165.593 106.531 57.2957 20.4482 86.9685 193.009 200.575 163.215 79.1005 81.3884 74.549 140.323 214.635 80.6545 147.253 68.8198 101.086 142.184 101.851 136.11 101.565 162.218 77.9261 91.9796 66.0145 156.287 97.3799 61.3679 226.515 121.308 82.5007 51.8898 123.875 151.983 60.0201 31.5723 209.721 98.9398 85.4662 204.009 249.318 98.6439 172.564 79.0699 54.557 210.791 17.1445 211.387 5.5855 
92.3514 102.115 73.3689 85.9233 80.8922 0 37.4635 87.5305 62.2301 54.0419 155.337 44.8182 107.411 55.6356 126.761 101.931 127.296 175.607 153.691 64.0231 79.2983 78.7231 32.5953 76.8418 142.774 25.2822 122.294 109.497 85.4789 142.958 90.235 84.7006 154.339 85.959 60.4441 14.6156 112.117 119.683 82.3232 105.308 10.1511 7.59108 59.4305 133.743 33.7989 66.3609 44.9772 164.077 61.2922 24.3251 99.1767 62.631 81.3257 3.53231 61.8514 129.005 75.3945 160.371 124.359 145.623 40.4153 145.492 107.147 42.983 85.4132 34.362 93.883 128.829 65.4256 148.457 123.117 168.426 161.635 91.6718 16.0791 117.548 129.898 74.1748 130.495 76.8258 
99.0401 64.6518 80.0577 52.806 74.2034 37.4635 0 73.4211 55.5414 16.5784 162.026 82.2818 69.9475 62.3243 89.2973 108.62 133.985 138.143 116.227 70.7119 111.586 41.2596 70.0588 83.5306 149.463 31.971 84.8309 116.186 78.7901 105.495 96.9238 118.943 116.875 48.4955 53.7553 52.0792 118.806 126.372 119.645 67.8449 47.6146 29.8724 66.1192 140.432 6.45107 73.0496 7.51371 126.613 67.9809 61.7886 61.9068 27.3618 88.0145 33.9312 24.3879 91.5418 82.0833 122.907 86.8953 152.311 59.1946 108.028 69.6838 61.7527 122.877 14.1834 56.4194 135.517 27.962 110.994 129.806 175.114 124.171 107.48 53.5426 80.0844 136.587 57.0589 137.184 70.1371 
172.461 94.8896 153.479 20.615 24.5397 87.5305 73.4211 0 44.4028 77.8525 235.447 132.349 123.453 135.745 126.719 182.041 207.406 88.076 66.1604 144.133 161.653 70.7768 120.126 156.952 222.884 105.392 102.911 189.607 15.0718 67.3327 170.345 169.01 105.748 56.5133 42.2117 102.146 192.227 199.793 169.712 78.3181 97.6816 79.9394 139.54 213.853 79.8721 146.471 68.0375 76.5464 141.402 111.856 135.328 100.783 161.436 83.9982 91.1973 41.4748 155.504 83.9162 36.8283 225.733 120.525 57.9611 51.1074 123.093 172.944 59.2377 30.7899 208.938 98.1574 60.9266 203.227 248.535 74.1042 171.782 103.61 30.0174 210.008 16.3622 210.605 18.9542 
154.582 77.0099 135.599 42.7956 19.8632 62.2301 55.5414 44.4028 0 59.9728 217.568 101.848 105.573 117.866 108.839 164.161 189.526 132.479 110.563 126.253 141.528 52.897 94.3852 139.072 205.005 87.5123 85.0314 171.727 29.331 99.8307 152.465 146.931 111.211 42.8313 2.19113 68.3064 174.347 181.913 144.553 62.1807 62.7263 55.8869 121.661 195.973 61.9924 128.591 50.1577 120.949 123.522 83.1885 117.448 82.9031 143.556 59.2641 73.3175 85.8776 137.625 117.243 81.2311 207.853 102.645 102.364 64.0196 105.213 133.321 41.358 50.7553 191.059 80.2777 105.329 185.347 230.656 118.507 153.902 59.2068 74.4202 192.128 31.0471 192.725 25.4487 
94.6087 48.0734 75.6262 57.2375 78.6349 54.0419 16.5784 77.8525 59.9728 0 157.595 98.8602 53.3691 57.8929 72.7189 104.188 129.554 121.565 99.649 66.2804 128.164 24.6812 86.6372 79.0992 145.032 43.5635 68.2525 111.754 83.2216 88.9165 92.4923 135.521 100.297 31.9171 58.1867 68.6576 114.374 121.94 136.224 51.2665 64.193 46.4508 61.6878 136 20.243 68.6182 9.81505 110.035 63.5495 78.367 57.4753 22.9303 83.583 50.5096 13.3447 74.9634 77.6519 106.329 81.2885 147.88 75.773 91.4497 53.1054 78.3311 139.455 19.6799 47.0626 131.086 20.3049 94.4152 125.375 170.683 107.593 124.059 70.121 64.3311 132.156 61.4904 132.752 74.5685 
62.986 140.558 81.9685 214.832 236.23 155.337 162.026 235.447 217.568 157.595 0 115.72 111.994 99.7019 112.783 53.4066 49.9479 172.622 182.957 91.3143 88.0998 164.671 123.182 78.4956 12.563 130.055 132.536 65.7456 240.816 168.115 65.1024 95.4572 140.361 178.934 215.781 149.261 43.2206 37.79 96.1596 157.129 154.841 161.681 95.9069 21.5944 155.575 88.9765 167.41 199.299 94.0453 134.379 100.119 134.664 74.0117 158.303 144.25 225.2 79.9429 151.531 238.883 9.71475 114.922 183.224 184.34 112.354 99.3909 176.21 204.657 37.1244 137.29 188.367 32.2202 13.0882 189.372 83.9944 159.281 221.926 25.4391 219.085 59.6922 232.163 
52.7338 146.934 33.7513 130.742 120.51 44.8182 82.2818 132.349 101.848 98.8602 115.72 0 152.229 59.5824 171.579 62.3132 87.6787 220.425 198.509 91.1023 39.6807 123.541 12.223 37.2243 103.157 55.2967 167.113 69.8792 125.096 187.777 109.495 45.083 199.157 130.777 100.062 33.5413 97.5616 96.586 42.7056 150.127 39.1214 52.4093 101.616 94.1254 78.6171 77.1895 89.7955 208.895 42.5772 20.4931 143.995 107.449 92.4983 48.3506 106.67 173.824 56.4286 205.189 169.177 106.005 23.0872 190.31 151.966 20.5291 40.5949 79.1802 138.701 89.2111 110.244 193.275 83.4997 128.808 206.453 52.0542 43.5611 162.366 90.2807 118.993 90.8774 116.443 
145.296 28.5636 121.137 102.838 124.236 107.411 69.9475 123.453 105.573 53.3691 111.994 152.229 0 92.6469 19.3498 144.287 143.381 68.1956 70.9628 61.1269 181.533 52.6764 140.006 116.407 99.4311 96.9326 20.5421 159.179 128.822 56.1204 46.8917 188.89 46.9279 66.9398 103.787 122.027 68.7735 76.3394 189.593 45.135 117.562 99.8199 50.6132 90.3997 73.6121 75.0397 62.4338 87.3044 109.652 131.736 11.8747 44.78 59.731 103.879 45.5596 113.206 95.8007 52.9598 126.889 102.279 129.142 71.2302 72.3457 131.7 192.824 73.049 92.6633 130.558 41.9854 76.3726 86.5391 125.082 77.3779 177.428 123.49 109.932 86.555 107.091 153.125 120.169 
52.649 87.3512 28.4905 115.13 136.528 55.6356 62.3243 135.745 117.866 57.8929 99.7019 59.5824 92.6469 0 111.997 51.6406 71.6607 160.842 138.927 31.5199 88.8862 64.9686 47.3594 23.76 87.1389 30.3533 107.53 66.532 141.114 128.194 49.9126 96.2436 139.575 79.2321 116.08 49.5593 56.4813 64.0472 96.946 90.5443 55.1394 61.9788 42.0337 78.1075 55.8733 17.6071 67.7079 149.313 17.0052 39.0892 84.4126 47.8669 32.9159 58.6016 47.0873 125.498 19.759 145.607 139.181 89.9871 36.4952 130.727 92.3832 39.0533 100.177 76.5077 104.956 73.1931 50.6614 133.693 67.4817 112.79 146.871 84.7808 59.579 122.224 74.2628 119.383 74.8595 132.461 
164.646 31.8295 140.487 106.104 127.501 126.761 89.2973 126.719 108.839 72.7189 112.783 171.579 19.3498 111.997 0 163.637 162.731 63.8943 74.2287 80.4767 200.883 55.9424 159.356 135.757 110.601 116.282 23.808 178.529 132.088 59.3864 62.084 208.24 27.5782 70.2058 107.053 141.376 74.0174 74.993 208.943 48.401 136.912 119.17 69.9629 103.183 92.9619 94.3895 81.7835 90.5704 129.002 151.086 27.584 64.1297 79.0807 123.228 64.9094 116.472 115.15 42.8029 130.155 104.153 148.492 74.4962 75.6117 151.05 212.174 92.3988 95.9292 149.907 61.3352 79.6385 105.889 121.816 80.6438 196.777 142.84 113.198 103.95 110.357 172.475 123.435 
9.57942 138.992 28.5619 161.426 182.823 101.931 108.62 182.041 164.161 104.188 53.4066 62.3132 144.287 51.6406 163.637 0 25.3654 212.483 190.567 83.1605 37.2456 115.6 69.7757 27.8806 53.0363 76.6486 159.171 14.8914 187.41 179.835 101.553 44.603 191.215 125.527 162.375 95.8545 89.6199 88.6442 45.3054 142.185 101.435 108.274 93.6743 60.4545 102.168 69.2477 114.003 200.953 40.6386 80.9724 136.053 99.5075 84.5565 104.897 98.7279 171.794 48.4868 197.247 185.477 59.4844 61.5155 182.368 144.024 58.9478 48.5367 122.803 151.251 26.8979 102.302 185.334 57.7484 66.4948 198.511 33.1402 105.874 168.519 59.6876 165.678 28.5642 178.757 
34.9449 138.086 53.9273 186.791 208.188 127.296 133.985 207.406 189.526 129.554 49.9479 87.6787 143.381 71.6607 162.731 25.3654 0 211.577 189.661 82.2543 47.9979 136.629 95.1411 50.4544 52.1301 102.014 158.265 17.7995 212.775 178.929 100.647 45.5093 190.309 150.893 187.74 121.22 88.7136 87.738 46.2117 141.279 126.8 133.639 92.7681 59.5482 127.534 68.3415 139.369 200.047 66.0041 106.338 135.147 106.623 83.6502 130.262 116.209 197.159 51.9017 196.341 210.842 58.5782 86.8809 181.462 156.299 84.3132 56.2051 148.168 176.616 12.8236 109.249 184.427 56.8421 42.6959 197.605 35.6245 131.24 193.885 58.7813 191.044 9.74423 204.122 
213.491 73.4912 189.333 89.6833 112.616 175.607 138.143 88.076 132.479 121.565 172.622 220.425 68.1956 160.842 63.8943 212.483 211.577 0 21.9156 129.323 249.729 96.8835 208.202 184.602 160.059 165.128 53.3121 227.374 103.148 32.6481 110.93 257.086 42.9236 89.6475 130.288 190.222 129.402 136.968 257.788 70.2981 185.758 168.015 118.809 152.029 141.808 143.235 130.629 26.676 177.848 199.932 76.4298 112.976 127.927 172.074 113.755 52.5778 163.996 21.0914 66.2608 162.908 197.338 30.115 68.4593 199.896 261.02 141.245 81.7236 198.753 110.181 27.1495 154.735 185.711 16.7495 245.623 191.686 58.0587 152.795 101.432 221.321 107.03 
191.576 51.5756 167.417 67.7677 90.7001 153.691 116.227 66.1604 110.563 99.649 182.957 198.509 70.9628 138.927 74.2287 190.567 189.661 21.9156 0 107.407 227.813 74.9679 186.286 162.687 170.394 143.213 50.4207 205.459 81.2322 14.8423 117.854 235.17 53.258 67.7319 108.372 168.307 139.736 147.302 235.873 48.3825 163.842 146.1 96.8931 161.362 119.892 121.32 108.714 16.3416 155.932 178.016 82.8375 91.0599 108.945 150.159 91.8395 42.2434 142.081 31.4258 55.9264 173.242 175.422 8.19935 46.5436 177.98 239.104 119.329 59.808 176.838 88.2654 5.40983 150.737 196.045 7.94379 223.708 169.77 38.969 157.518 79.5161 199.405 85.1146 
84.1689 55.8313 60.0104 123.518 144.915 64.0231 70.7119 144.133 126.253 66.2804 91.3143 91.1023 61.1269 31.5199 80.4767 83.1605 82.2543 129.323 107.407 0 120.406 73.3562 78.8793 55.2799 78.7513 38.7409 76.0104 98.0519 149.502 96.6744 26.2119 127.764 108.055 87.6196 124.467 60.8997 48.0937 55.6596 128.466 65.8148 63.5269 70.3663 10.5138 69.7199 64.2608 13.9128 76.0955 117.793 48.5251 70.6092 52.8927 43.3501 17.3026 66.9892 52.9357 133.886 34.6738 114.087 147.569 81.5996 68.0151 99.2075 93.0255 70.5732 131.697 84.8953 113.343 69.4307 45.9755 102.173 59.0942 104.402 115.351 116.301 67.9666 130.612 65.8752 127.771 91.9985 140.849 
36.2372 176.237 60.3958 160.045 160.191 79.2983 111.586 161.653 141.528 128.164 88.0998 39.6807 181.533 88.8862 200.883 37.2456 47.9979 249.729 227.813 120.406 0 152.845 47.1432 65.1263 90.2819 84.6005 196.417 30.1985 164.777 217.081 138.799 7.35737 228.461 160.081 139.742 73.2221 126.865 125.89 8.05977 179.431 78.8022 85.6415 130.92 97.7001 107.921 106.493 119.099 238.199 71.8811 58.34 173.299 136.753 121.802 82.2644 135.973 203.127 85.7324 234.493 198.481 96.73 52.391 219.614 181.269 49.8329 11.2911 108.484 168.005 50.9755 139.548 222.579 94.994 89.1273 235.757 12.3734 83.2418 191.67 96.9332 148.297 51.1967 156.124 
116.608 24.1128 92.4494 50.1617 71.5591 78.7231 41.2596 70.7768 52.897 24.6812 164.671 123.541 52.6764 64.9686 55.9424 115.6 136.629 96.8835 74.9679 73.3562 152.845 0 111.318 87.7189 152.108 68.2447 43.5713 130.491 76.1458 64.2353 99.5681 160.203 75.6159 14.2634 51.111 93.3387 121.45 129.016 160.905 26.5854 88.8742 71.132 68.7636 143.076 44.9242 75.694 33.7459 85.3539 80.9641 103.048 64.5511 30.0061 90.6588 75.1908 20.4205 60.5298 84.7276 81.6477 74.2127 154.956 100.454 66.7685 28.4242 103.012 164.136 44.3611 39.9869 138.162 27.3807 69.734 132.45 177.759 82.9116 148.74 94.8022 57.2553 139.231 54.4146 139.828 67.4927 
60.1963 134.711 41.2138 118.519 113.047 32.5953 70.0588 120.126 94.3852 86.6372 123.182 12.223 140.006 47.3594 159.356 69.7757 95.1411 208.202 186.286 78.8793 47.1432 111.318 0 44.6867 110.619 43.0737 154.89 77.3417 117.634 175.554 97.272 52.5455 186.934 118.554 92.5992 26.0788 85.3387 87.5276 50.1681 137.904 31.6589 40.1864 89.3931 101.588 66.3941 64.9665 77.5725 196.672 30.3542 11.1967 131.772 95.2263 80.2753 36.1276 94.4467 161.601 44.2056 192.966 156.954 113.468 10.8642 178.087 139.743 10.8279 52.8179 66.9573 126.478 96.6735 98.0208 181.052 90.9621 136.27 194.23 59.5167 36.0986 150.143 97.7432 106.77 98.3399 108.981 
28.8891 111.111 4.73051 136.337 157.734 76.8418 83.5306 156.952 139.072 79.0992 78.4956 37.2243 116.407 23.76 135.757 27.8806 50.4544 184.602 162.687 55.2799 65.1263 87.7189 44.6867 0 65.9326 51.5596 131.29 42.772 162.321 151.954 73.6726 72.4836 163.335 100.438 137.286 70.7656 61.7392 60.7636 73.186 114.304 76.3457 83.185 65.7937 56.9012 77.0795 41.3671 88.9142 173.073 15.5497 55.8835 108.173 71.6269 56.6759 79.8079 70.8472 146.705 20.6061 169.367 160.388 68.7808 36.4265 154.487 116.143 33.8588 76.4174 97.714 126.162 51.9868 74.4214 157.453 46.2754 91.5837 170.631 61.0208 80.7853 143.43 53.0565 140.59 53.6532 153.668 
54.0447 127.995 69.4055 202.269 223.667 142.774 149.463 222.884 205.005 145.032 12.563 103.157 99.4311 87.1389 110.601 53.0363 52.1301 160.059 170.394 78.7513 90.2819 152.108 110.619 65.9326 0 117.492 119.973 67.9277 228.253 155.552 52.5395 97.6393 138.179 166.371 203.219 136.698 36.5836 35.6079 98.3417 144.566 142.278 149.118 83.344 9.03143 143.012 76.4136 154.847 186.736 81.4823 121.816 87.5564 122.101 61.4488 145.741 131.687 212.637 67.3799 144.211 226.32 6.4481 102.359 170.661 171.777 99.7914 101.573 163.647 192.094 39.3065 124.727 175.804 19.6572 25.6511 176.809 86.1765 146.718 209.363 12.8761 206.522 61.8743 219.6 
67.0692 91.6369 48.0867 84.777 106.174 25.2822 31.971 105.392 87.5123 43.5635 130.055 55.2967 96.9326 30.3533 116.282 76.6486 102.014 165.128 143.213 38.7409 84.6005 68.2447 43.0737 51.5596 117.492 0 111.816 84.2146 110.761 132.48 64.9528 91.9579 143.861 75.4806 85.7263 25.0941 86.8346 94.4005 92.6603 94.83 24.7861 31.6254 46.3194 108.461 25.5199 41.0787 37.3546 153.599 36.0099 34.8036 88.6983 52.1526 56.0435 28.2483 51.373 118.527 50.1123 149.892 113.88 120.34 32.2095 135.013 96.6689 34.7676 95.8916 46.1544 83.4045 103.546 54.9471 137.979 97.835 143.143 151.156 80.4951 29.2257 107.069 104.616 89.0299 105.213 102.108 
160.179 20.1791 136.021 82.296 103.693 122.294 84.8309 102.911 85.0314 68.2525 132.536 167.113 20.5421 107.53 23.808 159.171 158.265 53.3121 50.4207 76.0104 196.417 43.5713 154.89 131.29 119.973 111.816 0 174.062 108.28 35.5784 67.4337 203.774 32.0445 46.3978 83.2453 136.91 89.3156 96.8815 204.476 24.5929 132.446 114.703 65.4966 110.942 88.4955 89.9232 77.3172 66.7623 124.535 146.62 32.4168 59.6634 74.6144 118.762 60.443 92.6641 110.684 38.0764 106.347 122.821 144.025 50.6882 51.8037 146.584 207.708 87.9324 72.1212 145.441 56.8689 55.8305 101.422 145.624 56.8358 192.311 138.374 89.3897 107.097 86.5489 168.009 99.6271 
17.1454 153.883 38.0415 168.992 190.389 109.497 116.186 189.607 171.727 111.754 65.7456 69.8792 159.179 66.532 178.529 14.8914 17.7995 227.374 205.459 98.0519 30.1985 130.491 77.3417 42.772 67.9277 84.2146 174.062 0 194.976 194.726 116.445 29.7116 206.107 137.727 169.941 103.421 104.511 103.536 30.414 157.076 109.001 115.84 108.566 75.3458 109.734 84.1391 121.569 215.845 49.5268 88.5384 150.945 114.399 99.4479 112.463 113.619 180.773 63.3781 212.139 193.043 74.3758 69.0815 197.259 158.915 66.5138 38.4056 130.369 158.817 28.6212 117.193 200.225 72.6398 58.9288 213.403 18.2488 113.44 176.085 74.5789 173.244 20.9983 186.323 
177.83 100.259 158.848 25.9841 9.46787 85.4789 78.7901 15.0718 29.331 83.2216 240.816 125.096 128.822 141.114 132.088 187.41 212.775 103.148 81.2322 149.502 164.777 76.1458 117.634 162.321 228.253 110.761 108.28 194.976 0 72.7018 175.714 170.179 111.117 61.8824 27.1399 91.5551 197.596 205.162 167.802 83.6872 85.975 79.1357 144.909 219.222 85.2412 151.84 73.4065 91.6182 146.771 106.437 140.697 106.152 166.805 82.5128 96.5663 56.5466 160.873 89.2852 51.9001 231.102 125.894 73.0328 56.4765 128.462 157.872 64.6067 36.1589 214.308 103.526 75.9984 208.596 253.904 89.176 177.151 88.5378 45.0892 215.377 21.7312 215.974 8.65305 
180.843 40.8431 156.685 57.0351 79.9676 142.958 105.495 67.3327 99.8307 88.9165 168.115 187.777 56.1204 128.194 59.3864 179.835 178.929 32.6481 14.8423 96.6744 217.081 64.2353 175.554 151.954 155.552 132.48 35.5784 194.726 72.7018 0 103.012 224.438 38.4156 56.9994 97.6396 157.574 124.894 132.46 225.14 37.65 153.11 135.367 86.1606 146.52 109.16 110.587 97.9812 31.184 145.199 167.284 67.9951 80.3274 95.2784 139.426 81.107 57.0858 131.348 17.4124 70.7687 158.4 164.689 15.1098 35.8111 167.248 228.372 108.596 49.0755 166.105 77.5329 20.2522 135.894 181.203 21.2575 212.975 159.038 53.8113 142.675 68.7836 188.673 74.3821 
102.562 75.4553 78.4031 149.73 171.127 90.235 96.9238 170.345 152.465 92.4923 65.1024 109.495 46.8917 49.9126 62.084 101.553 100.647 110.93 117.854 26.2119 138.799 99.5681 97.272 73.6726 52.5395 64.9528 67.4337 116.445 175.714 103.012 0 146.156 89.6622 113.832 150.679 84.1587 21.8818 29.4477 146.859 92.0267 89.7388 96.5782 30.8045 43.508 90.4727 32.3055 102.307 134.196 66.9178 89.0019 35.017 69.562 16.9967 93.2011 79.1476 160.098 53.0665 95.694 173.781 55.3877 86.4078 118.122 119.237 88.9659 150.09 111.107 139.555 87.8234 72.1874 123.264 43.8048 78.1906 124.27 134.693 94.1785 156.823 41.8657 153.983 110.391 167.061 
43.5946 183.595 67.7531 167.403 165.593 84.7006 118.943 169.01 146.931 135.521 95.4572 45.083 188.89 96.2436 208.24 44.603 45.5093 257.086 235.17 127.764 7.35737 160.203 52.5455 72.4836 97.6393 91.9579 203.774 29.7116 170.179 224.438 146.156 0 235.818 167.438 145.145 78.6243 134.223 133.247 2.37735 186.788 84.2044 91.0438 138.277 105.057 115.278 113.851 126.457 245.556 79.2384 63.7422 180.656 144.11 129.16 87.6666 143.331 210.485 93.0898 241.85 205.838 104.087 59.7484 226.971 188.627 57.1903 13.6094 115.841 175.362 58.3329 146.905 229.937 102.351 88.2051 243.114 11.4628 88.644 199.027 104.291 155.654 45.7945 161.526 
192.224 52.2236 168.065 85.1333 106.531 154.339 116.875 105.748 111.211 100.297 140.361 199.157 46.9279 139.575 27.5782 191.215 190.309 42.9236 53.258 108.055 228.461 75.6159 186.934 163.335 138.179 143.861 32.0445 206.107 111.117 38.4156 89.6622 235.818 0 68.3799 109.02 168.955 101.596 102.571 236.521 49.0305 164.49 146.748 97.5411 130.761 120.54 121.968 109.362 69.5996 156.58 178.664 55.1622 91.7079 106.659 150.807 92.4875 95.5014 142.729 21.8321 109.184 131.731 176.07 53.5254 54.6409 178.628 239.752 119.977 74.9585 177.486 88.9134 58.6678 133.467 147.613 59.6731 224.356 170.418 92.2269 131.528 89.3862 200.053 102.464 
123.844 38.3763 99.6854 35.8983 57.2957 85.959 48.4955 56.5133 42.8313 31.9171 178.934 130.777 66.9398 79.2321 70.2058 125.527 150.893 89.6475 67.7319 87.6196 160.081 14.2634 118.554 100.438 166.371 75.4806 46.3978 137.727 61.8824 56.9994 113.832 167.438 68.3799 0 40.6402 100.575 135.713 143.279 168.141 21.8048 96.1101 78.3679 83.027 157.34 52.1601 89.9574 40.9818 78.1179 88.2 110.284 78.8145 44.2695 104.922 82.4267 34.6839 46.2664 98.991 74.4118 59.9493 169.219 107.69 59.5326 21.1883 110.248 171.372 51.597 25.7234 152.425 41.6441 62.4981 146.714 192.022 75.6757 155.976 102.038 42.9919 153.495 40.1512 154.092 53.2293 
152.795 75.2238 133.813 40.6044 20.4482 60.4441 53.7553 42.2117 2.19113 58.1867 215.781 100.062 103.787 116.08 107.053 162.375 187.74 130.288 108.372 124.467 139.742 51.111 92.5992 137.286 203.219 85.7263 83.2453 169.941 27.1399 97.6396 150.679 145.145 109.02 40.6402 0 66.5203 172.561 180.127 142.767 59.9896 60.9402 54.1009 119.875 194.187 60.2064 126.805 48.3717 118.758 121.736 81.4024 115.662 81.1171 141.77 57.478 71.5315 83.6865 135.839 115.052 79.04 206.067 100.859 100.173 61.8285 103.427 131.535 39.5719 48.5641 189.273 78.4916 103.138 183.561 228.87 116.316 152.116 61.3979 72.2291 190.342 28.856 190.939 23.2575 
86.2751 116.731 67.2927 100.539 86.9685 14.6156 52.0792 102.146 68.3064 68.6576 149.261 33.5413 122.027 49.5593 141.376 95.8545 121.22 190.222 168.307 60.8997 73.2221 93.3387 26.0788 70.7656 136.698 25.0941 136.91 103.421 91.5551 157.574 84.1587 78.6243 168.955 100.575 66.5203 0 106.041 113.606 76.247 119.924 5.5801 22.2067 71.4135 127.667 48.4145 60.2846 59.5929 178.693 55.2159 14.8821 113.792 77.2467 75.2494 18.148 76.4671 143.621 69.3183 174.986 138.974 139.546 34.3391 160.107 121.763 36.9068 70.7975 48.9776 108.499 122.752 80.0412 163.073 117.041 162.349 176.25 85.5955 10.0197 132.164 123.822 88.7904 124.419 83.192 
90.6283 97.3371 66.4697 171.612 193.009 112.117 118.806 192.227 174.347 114.374 43.2206 97.5616 68.7735 56.4813 74.0174 89.6199 88.7136 129.402 139.736 48.0937 126.865 121.45 85.3387 61.7392 36.5836 86.8346 89.3156 104.511 197.596 124.894 21.8818 134.223 101.596 135.713 172.561 106.041 0 7.56593 134.925 113.909 111.621 118.46 52.6863 29.1654 112.355 45.7559 124.189 156.078 54.9844 91.1584 56.8988 91.4438 30.7911 115.083 101.029 181.98 41.1331 108.31 195.663 33.5059 74.4745 140.004 141.119 77.0326 138.157 132.989 161.437 75.89 94.0692 145.146 31.8715 56.3088 146.151 122.76 116.06 178.705 29.9323 175.864 98.4578 188.943 
89.6527 104.903 65.4941 179.178 200.575 119.683 126.372 199.793 181.913 121.94 37.79 96.586 76.3394 64.0472 74.993 88.6442 87.738 136.968 147.302 55.6596 125.89 129.016 87.5276 60.7636 35.6079 94.4005 96.8815 103.536 205.162 132.46 29.4477 133.247 102.571 143.279 180.127 113.606 7.56593 0 133.95 121.474 119.187 126.026 60.2523 28.1898 119.92 53.3219 131.755 163.644 58.3906 98.7244 64.4647 99.0097 38.3571 122.649 108.595 189.546 44.2882 115.876 203.229 29.1598 79.2674 147.57 148.685 76.6997 137.181 140.555 169.003 74.9144 101.635 152.712 30.8958 48.7428 153.717 121.784 123.626 186.271 28.9567 183.43 97.4822 196.509 
44.297 184.297 68.4555 168.105 163.215 82.3232 119.645 169.712 144.553 136.224 96.1596 42.7056 189.593 96.946 208.943 45.3054 46.2117 257.788 235.873 128.466 8.05977 160.905 50.1681 73.186 98.3417 92.6603 204.476 30.414 167.802 225.14 146.859 2.37735 236.521 168.141 142.767 76.247 134.925 133.95 0 187.49 81.8271 89.7729 138.98 105.76 115.981 114.553 127.159 246.259 79.9408 61.3649 181.359 144.813 129.862 85.7142 144.033 211.187 93.7922 242.553 206.541 104.79 60.4508 227.673 189.329 57.8927 11.232 116.544 176.065 59.0352 147.607 230.639 103.054 88.9075 243.817 12.1652 86.2667 199.73 104.993 156.357 48.1718 159.149 
143.193 16.5714 119.035 57.7031 79.1005 105.308 67.8449 78.3181 62.1807 51.2665 157.129 150.127 45.135 90.5443 48.401 142.185 141.279 70.2981 48.3825 65.8148 179.431 26.5854 137.904 114.304 144.566 94.83 24.5929 157.076 83.6872 37.65 92.0267 186.788 49.0305 21.8048 59.9896 119.924 113.909 121.474 187.49 0 115.46 97.7174 61.2222 135.535 71.5096 72.9372 60.3312 58.7685 107.549 129.634 57.0097 42.6774 83.1174 101.776 43.457 68.0712 93.6981 55.0623 81.7541 147.414 127.04 40.1831 27.2107 129.598 190.722 70.9465 47.5283 130.62 39.8829 43.1487 124.909 170.217 56.3263 175.325 121.388 64.7967 131.69 61.956 151.023 75.0341 
91.8552 112.266 72.8728 96.0744 81.3884 10.1511 47.6146 97.6816 62.7263 64.193 154.841 39.1214 117.562 55.1394 136.912 101.435 126.8 185.758 163.842 63.5269 78.8022 88.8742 31.6589 76.3457 142.278 24.7861 132.446 109.001 85.975 153.11 89.7388 84.2044 164.49 96.1101 60.9402 5.5801 111.621 119.187 81.8271 115.46 0 17.7422 66.949 133.247 43.95 65.8647 55.1283 174.228 60.796 20.4622 109.328 72.7821 80.8295 13.6834 72.0025 139.156 74.8984 170.522 134.51 145.127 39.9192 155.643 117.298 42.4869 75.2621 44.5131 104.034 128.332 75.5767 158.608 122.621 167.929 171.786 91.1756 5.92797 127.699 129.402 84.3259 129.999 78.7275 
98.6946 94.5243 79.7121 78.3322 74.549 7.59108 29.8724 79.9394 55.8869 46.4508 161.681 52.4093 99.8199 61.9788 119.17 108.274 133.639 168.015 146.1 70.3663 85.6415 71.132 40.1864 83.185 149.118 31.6254 114.703 115.84 79.1357 135.367 96.5782 91.0438 146.748 78.3679 54.1009 22.2067 118.46 126.026 89.7729 97.7174 17.7422 0 65.7737 140.086 26.2078 72.7041 37.3861 156.486 67.6354 31.9162 91.5857 55.04 87.6689 4.05877 54.2603 121.414 81.7377 152.78 116.768 151.966 46.7585 137.901 99.5562 49.3262 93.0043 26.7709 86.2919 135.172 57.8345 140.866 129.46 174.769 154.044 98.015 23.6702 109.957 136.242 66.5837 136.838 70.4826 
94.6827 45.3175 70.5242 118.925 140.323 59.4305 66.1192 139.54 121.661 61.6878 95.9069 101.616 50.6132 42.0337 69.9629 93.6743 92.7681 118.809 96.8931 10.5138 130.92 68.7636 89.3931 65.7937 83.344 46.3194 65.4966 108.566 144.909 86.1606 30.8045 138.277 97.5411 83.027 119.875 71.4135 52.6863 60.2523 138.98 61.2222 66.949 65.7737 0 74.3125 59.6682 24.4266 71.5029 107.279 59.0389 81.123 42.3789 38.7575 21.8952 62.3965 48.3431 129.293 45.1875 103.573 142.976 86.1922 78.5289 88.6937 88.4329 81.087 142.211 80.3026 108.75 79.9445 41.3829 92.4598 63.6868 108.995 104.837 126.815 72.8769 126.019 70.4678 123.178 102.512 136.256 
61.4629 118.963 60.3741 193.238 214.635 133.743 140.432 213.853 195.973 136 21.5944 94.1254 90.3997 78.1075 103.183 60.4545 59.5482 152.029 161.362 69.7199 97.7001 143.076 101.588 56.9012 9.03143 108.461 110.942 75.3458 219.222 146.52 43.508 105.057 130.761 157.34 194.187 127.667 29.1654 28.1898 105.76 135.535 133.247 140.086 74.3125 0 133.981 67.3821 145.815 177.704 72.4509 112.785 78.525 113.07 52.4173 136.709 122.656 203.606 58.3485 136.793 217.289 11.8796 93.3277 161.63 162.745 90.76 108.991 154.615 183.063 46.7246 115.695 166.772 10.6258 34.6826 167.778 93.5947 137.686 200.331 3.84471 197.491 69.2924 210.569 
92.5891 68.3165 73.6066 59.2571 80.6545 33.7989 6.45107 79.8721 61.9924 20.243 155.575 78.6171 73.6121 55.8733 92.9619 102.168 127.534 141.808 119.892 64.2608 107.921 44.9242 66.3941 77.0795 143.012 25.5199 88.4955 109.734 85.2412 109.16 90.4727 115.278 120.54 52.1601 60.2064 48.4145 112.355 119.92 115.981 71.5096 43.95 26.2078 59.6682 133.981 0 66.5986 11.8347 130.278 61.5299 58.124 65.3779 28.8322 81.5634 30.2666 28.0525 95.2065 75.6322 126.572 90.5599 145.86 55.5299 111.693 73.3484 58.088 119.212 20.6345 60.0841 129.066 31.6267 114.658 123.355 168.663 127.836 103.816 49.878 83.749 130.136 63.51 130.733 76.5881 
70.2561 69.7441 46.0976 125.856 147.253 66.3609 73.0496 146.471 128.591 68.6182 88.9765 77.1895 75.0397 17.6071 94.3895 69.2477 68.3415 143.235 121.32 13.9128 106.493 75.694 64.9665 41.3671 76.4136 41.0787 89.9232 84.1391 151.84 110.587 32.3055 113.851 121.968 89.9574 126.805 60.2846 45.7559 53.3219 114.553 72.9372 65.8647 72.7041 24.4266 67.3821 66.5986 0 78.4333 131.706 34.6123 56.6964 66.8055 45.6879 15.3088 69.327 55.2735 136.224 20.761 128 149.907 79.2618 54.1023 113.12 95.3633 56.6604 117.784 87.233 115.681 62.4678 48.3133 116.086 56.7564 102.065 129.263 102.388 70.3043 132.949 63.5374 130.109 78.0857 143.187 
104.424 57.1381 85.4413 47.4224 68.8198 44.9772 7.51371 68.0375 50.1577 9.81505 167.41 89.7955 62.4338 67.7079 81.7835 114.003 139.369 130.629 108.714 76.0955 119.099 33.7459 77.5725 88.9142 154.847 37.3546 77.3172 121.569 73.4065 97.9812 102.307 126.457 109.362 40.9818 48.3717 59.5929 124.189 131.755 127.159 60.3312 55.1283 37.3861 71.5029 145.815 11.8347 78.4333 0 119.1 73.3645 69.3024 67.2904 32.7454 93.3981 41.4449 23.1598 84.0281 87.4669 115.394 79.3816 157.695 66.7083 100.514 62.1701 69.2664 130.39 10.6152 48.9057 140.901 30.1199 103.48 135.19 180.498 116.657 114.994 61.0563 72.5707 141.971 51.6753 142.567 64.7535 
201.962 61.9616 177.803 78.1537 101.086 164.077 126.613 76.5464 120.949 110.035 199.299 208.895 87.3044 149.313 90.5704 200.953 200.047 26.676 16.3416 117.793 238.199 85.3539 196.672 173.073 186.736 153.599 66.7623 215.845 91.6182 31.184 134.196 245.556 69.5996 78.1179 118.758 178.693 156.078 163.644 246.259 58.7685 174.228 156.486 107.279 177.704 130.278 131.706 119.1 0 166.318 188.402 99.1791 101.446 125.287 160.545 102.226 35.0716 152.467 47.7675 39.7182 189.584 185.808 18.5854 56.9297 188.366 249.49 129.715 70.194 187.224 98.6514 15.6199 167.078 212.387 9.92652 234.094 180.156 46.5291 173.859 89.9022 209.791 95.5006 
35.6439 104.356 12.0768 120.787 142.184 61.2922 67.9809 141.402 123.522 63.5495 94.0453 42.5772 109.652 17.0052 129.002 40.6386 66.0041 177.848 155.932 48.5251 71.8811 80.9641 30.3542 15.5497 81.4823 36.0099 124.535 49.5268 146.771 145.199 66.9178 79.2384 156.58 88.2 121.736 55.2159 54.9844 58.3906 79.9408 107.549 60.796 67.6354 59.0389 72.4509 61.5299 34.6123 73.3645 166.318 0 40.3338 101.418 64.8721 49.9211 64.2582 64.0924 131.246 14.1024 162.612 144.838 84.3305 20.8768 147.733 109.388 22.0481 83.1722 82.1643 110.612 67.5365 67.6666 150.698 61.8251 107.133 163.876 67.7756 65.2356 127.881 68.6062 125.04 69.2029 138.118 
71.393 126.44 52.4105 110.248 101.851 24.3251 61.7886 111.856 83.1885 78.367 134.379 20.4931 131.736 39.0892 151.086 80.9724 106.338 199.932 178.016 70.6092 58.34 103.048 11.1967 55.8835 121.816 34.8036 146.62 88.5384 106.437 167.284 89.0019 63.7422 178.664 110.284 81.4024 14.8821 91.1584 98.7244 61.3649 129.634 20.4622 31.9162 81.123 112.785 58.124 56.6964 69.3024 188.402 40.3338 0 123.502 86.9562 72.0052 27.8574 86.1765 153.33 54.4362 184.696 148.684 124.664 19.457 169.817 131.472 22.0247 61.0881 58.6871 118.208 107.87 89.7507 172.782 102.159 147.467 185.96 70.7134 24.9018 141.873 108.94 98.4999 109.537 97.7842 
137.062 40.4383 112.903 114.713 136.11 99.1767 61.9068 135.328 117.448 57.4753 100.119 143.995 11.8747 84.4126 27.584 136.053 135.147 76.4298 82.8375 52.8927 173.299 64.5511 131.772 108.173 87.5564 88.6983 32.4168 150.945 140.697 67.9951 35.017 180.656 55.1622 78.8145 115.662 113.792 56.8988 64.4647 181.359 57.0097 109.328 91.5857 42.3789 78.525 65.3779 66.8055 67.2904 99.1791 101.418 123.502 0 36.5457 51.4967 95.6444 44.1306 125.081 87.5664 61.194 138.764 90.4047 120.908 83.1049 84.2204 123.466 184.59 76.0902 104.538 122.323 37.1704 88.2473 78.3048 113.208 89.2526 169.193 115.256 121.806 76.3657 118.966 144.891 132.044 
100.516 39.4843 76.3574 80.1678 101.565 62.631 27.3618 100.783 82.9031 22.9303 134.664 107.449 44.78 47.8669 64.1297 99.5075 106.623 112.976 91.0599 43.3501 136.753 30.0061 95.2263 71.6269 122.101 52.1526 59.6634 114.399 106.152 80.3274 69.562 144.11 91.7079 44.2695 81.1171 77.2467 91.4438 99.0097 144.813 42.6774 72.7821 55.04 38.7575 113.07 28.8322 45.6879 32.7454 101.446 64.8721 86.9562 36.5457 0 60.6527 59.0987 9.58559 90.5359 54.7215 97.7397 104.219 124.95 84.3621 82.8606 49.6754 86.9202 148.044 41.5452 69.993 108.156 2.79452 85.8261 102.444 147.753 99.0037 132.648 78.7101 87.2614 109.225 84.4207 109.822 97.4988 
85.5649 66.5459 61.4064 140.82 162.218 81.3257 88.0145 161.436 143.556 83.583 74.0117 92.4983 59.731 32.9159 79.0807 84.5565 83.6502 127.927 108.945 17.3026 121.802 90.6588 80.2753 56.6759 61.4488 56.0435 74.6144 99.4479 166.805 95.2784 16.9967 129.16 106.659 104.922 141.77 75.2494 30.7911 38.3571 129.862 83.1174 80.8295 87.6689 21.8952 52.4173 81.5634 15.3088 93.3981 125.287 49.9211 72.0052 51.4967 60.6527 0 84.2918 70.2383 151.189 36.0697 112.691 164.872 64.297 69.4111 109.213 110.328 71.9692 133.093 102.198 130.646 70.8267 63.2781 114.355 41.7916 87.0999 115.36 117.697 85.2691 147.914 48.5726 145.073 93.3945 158.152 
95.3174 98.583 76.335 82.391 77.9261 3.53231 33.9312 83.9982 59.2641 50.5096 158.303 48.3506 103.879 58.6016 123.228 104.897 130.262 172.074 150.159 66.9892 82.2644 75.1908 36.1276 79.8079 145.741 28.2483 118.762 112.463 82.5128 139.426 93.2011 87.6666 150.807 82.4267 57.478 18.148 115.083 122.649 85.7142 101.776 13.6834 4.05877 62.3965 136.709 30.2666 69.327 41.4449 160.545 64.2582 27.8574 95.6444 59.0987 84.2918 0 58.3191 125.473 78.3606 156.838 120.826 148.589 43.3814 141.959 103.615 45.9491 88.9455 30.8297 90.3507 131.795 61.8932 144.925 126.083 171.392 158.102 94.6378 19.6114 114.016 132.864 70.6425 133.461 73.8598 
99.7363 40.2639 75.5777 70.5822 91.9796 61.8514 24.3879 91.1973 73.3175 13.3447 144.25 106.67 45.5596 47.0873 64.9094 98.7279 116.209 113.755 91.8395 52.9357 135.973 20.4205 94.4467 70.8472 131.687 51.373 60.443 113.619 96.5663 81.107 79.1476 143.331 92.4875 34.6839 71.5315 76.4671 101.029 108.595 144.033 43.457 72.0025 54.2603 48.3431 122.656 28.0525 55.2735 23.1598 102.226 64.0924 86.1765 44.1306 9.58559 70.2383 58.3191 0 80.9503 64.3071 98.5194 94.6332 134.535 83.5825 83.6402 45.2959 86.1406 147.265 31.9596 60.4074 117.741 6.96016 86.6057 112.03 157.338 99.7833 131.868 77.9305 77.6758 118.811 74.8351 119.408 87.9132 
166.89 84.6426 143.232 43.0821 66.0145 129.005 91.5418 41.4748 85.8776 74.9634 225.2 173.824 113.206 125.498 116.472 171.794 197.159 52.5778 42.2434 133.886 203.127 60.5298 161.601 146.705 212.637 118.527 92.6641 180.773 56.5466 57.0858 160.098 210.485 95.5014 46.2664 83.6865 143.621 181.98 189.546 211.187 68.0712 139.156 121.414 129.293 203.606 95.2065 136.224 84.0281 35.0716 131.246 153.33 125.081 90.5359 151.189 125.473 80.9503 0 145.257 73.6692 13.683 215.486 150.736 41.976 40.8605 153.294 214.419 94.6433 35.1224 198.692 87.9104 36.8336 192.98 238.288 35.8283 199.022 145.084 11.4574 199.761 54.8305 200.358 60.429 
49.4952 90.505 25.3367 134.889 156.287 75.3945 82.0833 155.504 137.625 77.6519 79.9429 56.4286 95.8007 19.759 115.15 48.4868 51.9017 163.996 142.081 34.6738 85.7324 84.7276 44.2056 20.6061 67.3799 50.1123 110.684 63.3781 160.873 131.348 53.0665 93.0898 142.729 98.991 135.839 69.3183 41.1331 44.2882 93.7922 93.6981 74.8984 81.7377 45.1875 58.3485 75.6322 20.761 87.4669 152.467 14.1024 54.4362 87.5664 54.7215 36.0697 78.3606 64.3071 145.257 0 148.76 158.94 70.2281 34.9792 133.881 104.397 35.8995 97.0235 96.2667 124.714 53.4341 57.347 136.847 47.7227 93.0311 150.024 81.627 79.338 141.983 54.5038 139.142 57.3247 152.22 
198.256 58.2554 174.097 74.4475 97.3799 160.371 122.907 83.9162 117.243 106.329 151.531 205.189 52.9598 145.607 42.8029 197.247 196.341 21.0914 31.4258 114.087 234.493 81.6477 192.966 169.367 144.211 149.892 38.0764 212.139 89.2852 17.4124 95.694 241.85 21.8321 74.4118 115.052 174.986 108.31 115.876 242.553 55.0623 170.522 152.78 103.573 136.793 126.572 128 115.394 47.7675 162.612 184.696 61.194 97.7397 112.691 156.838 98.5194 73.6692 148.76 0 87.3522 141.816 182.102 31.6933 53.2235 184.66 245.784 126.009 66.4878 183.517 94.9452 36.8356 139.499 164.619 37.8409 230.387 176.45 70.3948 137.56 86.196 206.085 91.7944 
175.897 98.3256 156.915 38.4355 61.3679 124.359 86.8953 36.8283 81.2311 81.2885 238.883 169.177 126.889 139.181 130.155 185.477 210.842 66.2608 55.9264 147.569 198.481 74.2127 156.954 160.388 226.32 113.88 106.347 193.043 51.9001 70.7687 173.781 205.838 109.184 59.9493 79.04 138.974 195.663 203.229 206.541 81.7541 134.51 116.768 142.976 217.289 90.5599 149.907 79.3816 39.7182 144.838 148.684 138.764 104.219 164.872 120.826 94.6332 13.683 158.94 87.3522 0 229.168 146.09 55.6589 54.5434 148.648 209.772 89.9968 34.2259 212.374 101.593 50.5166 206.663 251.971 49.5113 194.375 140.438 16.9574 213.444 50.184 214.041 55.7824 
60.4928 130.843 72.2538 205.117 226.515 145.623 152.311 225.733 207.853 147.88 9.71475 106.005 102.279 89.9871 104.153 59.4844 58.5782 162.908 173.242 81.5996 96.73 154.956 113.468 68.7808 6.4481 120.34 122.821 74.3758 231.102 158.4 55.3877 104.087 131.731 169.219 206.067 139.546 33.5059 29.1598 104.79 147.414 145.127 151.966 86.1922 11.8796 145.86 79.2618 157.695 189.584 84.3305 124.664 90.4047 124.95 64.297 148.589 134.535 215.486 70.2281 141.816 229.168 0 105.207 173.51 174.625 102.64 108.021 166.495 194.943 45.7546 127.575 178.652 22.5054 22.8029 179.657 92.6246 149.566 212.211 15.7244 209.37 68.3224 222.448 
51.9361 123.846 32.9536 107.654 121.308 40.4153 59.1946 120.525 102.645 75.773 114.922 23.0872 129.142 36.4952 148.492 61.5155 86.8809 197.338 175.422 68.0151 52.391 100.454 10.8642 36.4265 102.359 32.2095 144.025 69.0815 125.894 164.689 86.4078 59.7484 176.07 107.69 100.859 34.3391 74.4745 79.2674 60.4508 127.04 39.9192 46.7585 78.5289 93.3277 55.5299 54.1023 66.7083 185.808 20.8768 19.457 120.908 84.3621 69.4111 43.3814 83.5825 150.736 34.9792 182.102 146.09 105.207 0 167.223 128.878 2.5677 63.6821 61.2875 115.614 88.4133 87.1566 170.188 82.7019 128.01 183.366 51.2564 44.3588 139.279 89.483 104.163 90.0797 117.241 
