80 80 81 160 
81 175.263 85.7924
82 109.914 71.5921
83 31.74 26.425
84 44.965 60.7308
85 177.62 87.2091
86 136.256 55.1374
87 88.8946 72.8431
88 184.543 96.866
89 161.267 69.0082
90 181.746 28.3368
91 169.748 26.1885
92 95.8791 2.90875
93 43.3043 92.8294
94 56.7312 73.7949
95 72.469 88.5952
96 193.201 48.346
97 0.642979 34.7395
98 33.365 22.1661
99 167.04 22.8888
100 6.71857 74.3341
101 163.866 29.8284
102 65.0824 38.5334
103 82.1085 88.6438
104 8.18117 57.2041
105 133.567 92.7588
106 183.12 90.771
107 27.0747 68.3463
108 10.1392 7.61099
109 107.463 58.9279
110 130.355 43.3003
111 100.586 96.604
112 179.707 41.5828
113 171.443 2.07988
114 158.659 36.2489
115 9.01013 8.76583
116 57.6421 62.3675
117 25.6521 79.4608
118 49.9658 61.003
119 174.64 39.7858
120 165.668 44.5367
121 90.4232 60.5083
122 120.017 43.5101
123 46.6744 89.8873
124 19.2987 13.1674
125 27.1999 47.2454
126 34.579 29.8212
127 19.8585 33.686
128 144.315 29.1754
129 38.9164 17.7941
130 32.9102 61.7397
131 142.486 56.9439
132 81.1906 65.0723
133 191.722 57.3154
134 116.344 62.5153
135 24.6764 95.2924
136 13.1055 82.0235
137 130.872 77.5698
138 84.9285 15.4061
139 165.923 51.9202
140 154.801 33.0269
141 174.642 59.0588
142 142.464 39.2431
143 44.2508 39.1275
144 188.006 15.0473
145 51.1484 76.0881
146 91.3721 90.9372
147 52.933 5.44697
148 59.706 69.4918
149 191.48 38.9962
150 181.765 17.8899
151 0.443073 72.1274
152 6.25169 55.3598
153 51.153 10.6385
154 78.7816 64.2107
155 18.9091 56.9492
156 146.014 34.7727
157 28.725 40.4997
158 119.629 29.2379
159 84.2059 5.14905
160 120.079 53.5508
0 79.5496 202.89 155.36 3.77409 69.6624 99.3178 20.3535 30.7801 63.939 65.119 162.268 138.996 130.529 105.597 55.3838 225.673 205.524 71.1269 180.003 67.3613 157.44 96.006 195.67 48.6627 12.836 165.634 243.305 94.6648 87.4003 85.4885 48.6536 87.5328 66.148 243.28 141.046 155.943 150.087 46.6301 50.8507 110.124 97.5286 132.684 228.589 186.61 196.655 207.511 87.5652 204.345 166.406 61.6258 114.793 44.9363 82.1961 160.087 165.926 52.6132 160.721 43.2125 73.2278 27.355 79.3487 177.677 83.4884 133.819 89.0359 202.676 131.858 63.0132 74.4041 188.485 199.444 199.264 118.063 185.197 80.2691 191.831 112.188 171.701 87.426 
79.5496 0 123.341 75.8101 83.3237 42.7965 22.2703 99.9031 53.9373 115.088 105.238 82.7181 87.8468 55.3854 54.4479 106.533 146.123 125.975 105.829 105.937 95.7156 77.8901 44.8571 116.121 44.8198 92.3856 86.0849 163.756 15.1152 48.7328 34.3395 99.8026 131.041 84.088 163.73 61.4963 92.1304 70.5371 96.5321 82.8097 30.5745 38.1848 81.5346 149.04 107.061 117.106 127.961 76.8177 124.795 86.856 47.2201 35.243 96.0853 15.5071 108.938 107.24 26.9364 81.1712 75.6809 83.4521 77.2611 64.8989 98.1276 134.637 63.2614 37.8869 123.126 52.3081 114.162 125.553 110.006 119.894 119.714 38.5137 105.648 72.9193 112.281 52.0698 92.1509 28.2062 
202.89 123.341 0 47.5308 206.665 133.228 103.573 223.244 172.11 151.918 138.244 87.6554 77.9687 72.3611 102.899 183.381 39.4115 5.88395 138.836 72.9305 135.529 45.4508 112.587 54.3379 168.161 215.726 46.5866 40.4148 108.226 115.49 139.025 163.125 164.048 136.743 40.3891 61.8445 59.1237 52.8038 156.26 152.04 92.7664 105.362 78.3966 25.6989 25.3605 6.23518 19.1425 115.325 15.8074 36.4848 141.265 88.0979 190.873 120.694 75.9309 74.233 150.277 64.2074 159.678 129.663 175.535 123.542 25.2133 167.644 69.0715 124.144 42.171 71.0328 172.311 158.56 76.9993 54.4231 35.1995 84.8272 43.3551 122.621 17.0897 90.7022 73.7419 115.464 
155.36 75.8101 47.5308 0 159.134 96.8841 56.0418 175.713 124.58 169.176 159.325 108.736 33.7593 24.8304 55.3684 160.62 70.3133 50.1647 159.917 51.8496 149.803 42.3148 65.0564 40.3105 120.63 168.196 25.5058 87.9456 64.3007 102.82 91.4945 153.89 185.129 138.176 87.9198 14.3138 38.0428 5.273 150.62 136.897 45.6807 92.2724 30.8659 73.2297 31.2505 41.2956 52.1513 130.905 48.9854 13.0637 101.308 40.5671 150.173 73.1635 54.8501 53.1522 102.747 85.2883 129.768 137.54 131.349 118.986 22.3175 188.725 21.5407 76.6135 63.2518 23.502 168.25 179.641 55.9185 44.0843 56.2804 37.2964 29.8375 127.007 36.471 106.157 94.8227 82.2938 
3.77409 83.3237 206.665 159.134 0 73.4365 103.092 16.5794 34.5542 62.9984 68.8931 166.042 139.936 134.303 106.537 54.4433 229.447 209.298 74.901 183.777 71.1354 161.214 96.9466 199.444 49.6033 9.06189 169.409 247.079 98.4389 91.1743 86.4291 47.713 91.3069 69.922 247.054 144.82 159.717 153.861 50.4042 54.6248 113.898 101.303 133.624 232.363 190.384 200.429 211.285 91.3393 208.119 170.18 65.3999 118.567 43.9957 85.9702 161.027 169.701 56.3873 164.495 46.9866 77.0019 31.1291 83.1227 181.451 82.5478 137.593 89.9764 206.45 135.632 62.0726 73.4635 192.259 203.218 203.038 121.837 188.971 84.0432 195.605 115.962 175.475 91.2001 
69.6624 42.7965 133.228 96.8841 73.4365 0 65.0667 90.016 38.8823 72.2915 62.4413 92.6052 130.643 98.1819 97.2444 63.7363 156.011 135.862 63.0327 148.734 52.9191 87.7772 87.6535 130.141 40.3102 82.4984 122.39 173.643 32.5833 17.7378 77.136 57.0061 88.2447 41.2916 173.617 85.8436 134.927 92.1555 53.7357 40.0132 51.2033 27.8662 124.331 158.927 116.948 126.993 137.849 34.0213 134.683 109.948 8.03663 64.9998 57.6449 27.2894 151.734 150.036 27.8156 91.0584 32.8844 40.6556 42.3074 22.1024 108.015 91.8409 106.058 80.6834 133.013 90.904 71.3657 82.7566 152.803 130.226 129.602 66.5473 119.158 30.1228 122.168 42.5258 102.038 17.7635 
99.3178 22.2703 103.573 56.0418 103.092 65.0667 0 119.671 76.2076 137.358 127.508 76.9189 65.5766 33.1152 32.1777 128.803 126.355 106.207 128.099 83.667 117.986 58.1218 22.5868 96.3524 64.5881 112.154 66.3166 143.987 32.4834 71.0031 35.4527 122.073 153.311 106.358 143.962 41.7281 69.8602 50.7688 118.802 105.08 13.8634 60.4551 59.2643 129.272 87.2923 97.3374 108.193 99.088 105.027 67.0878 69.4904 15.4747 118.356 37.7773 86.6675 84.9695 46.7047 61.403 97.9511 105.722 99.5313 87.1691 78.3594 156.908 40.9911 20.5716 103.358 32.5399 136.432 147.823 89.1671 100.126 99.9461 18.7454 85.8793 95.1895 92.5129 74.3401 72.3827 50.4765 
20.3535 99.9031 223.244 175.713 16.5794 90.016 119.671 0 51.1336 71.3258 85.4726 182.621 145.275 150.883 120.345 57.1775 246.027 225.878 91.4804 200.356 87.7148 177.793 110.657 216.024 55.0833 7.51756 185.988 263.659 115.018 107.754 84.2187 60.119 107.886 86.5015 263.633 161.399 176.296 170.44 66.9836 71.2042 130.478 117.882 144.847 248.943 206.964 217.009 227.865 107.919 224.699 186.759 81.9793 135.146 46.7299 102.55 161.44 186.28 72.9667 181.074 63.5661 93.5813 47.7086 99.7022 198.031 85.282 154.173 99.0997 223.029 152.211 64.8068 81.7544 208.839 219.798 219.617 138.417 205.551 100.623 212.184 132.542 192.054 107.78 
30.7801 53.9373 172.11 124.58 34.5542 38.8823 76.2076 51.1336 0 61.1507 51.3004 131.488 141.784 109.323 108.385 52.5955 194.893 174.744 51.8919 159.875 41.7783 126.66 98.7944 164.89 51.451 43.6161 134.854 212.525 63.8847 56.6202 88.2768 45.8653 77.1038 35.3678 212.499 110.266 146.068 119.307 42.5948 28.8724 79.3439 66.7485 135.472 197.809 155.83 165.875 176.731 56.7851 173.565 135.626 30.8457 84.0124 42.1479 51.416 162.875 161.177 38.9564 129.941 21.7436 42.4477 23.3238 48.5685 146.897 80.7001 117.199 91.8242 171.895 102.045 60.2249 71.6158 163.943 168.664 168.484 87.2832 154.417 49.489 161.051 81.4081 140.92 56.6459 
63.939 115.088 151.918 169.176 62.9984 72.2915 137.358 71.3258 61.1507 0 14.1468 111.295 202.935 170.473 169.536 31.4632 187.506 154.552 20.1547 221.025 19.3724 126.861 159.945 202.433 112.602 63.8082 194.681 192.333 104.875 66.3552 149.428 15.2854 36.5606 30.9999 192.307 158.135 207.218 164.447 18.5559 32.2783 123.495 76.9031 196.623 177.617 173.455 148.652 167.237 38.2702 153.373 182.239 67.8678 137.291 38.9546 99.5809 224.026 222.328 100.107 109.749 39.4071 31.6359 37.8269 50.1891 148.286 19.5494 178.349 152.975 151.703 163.196 20.3931 10.4651 225.094 202.518 148.292 138.839 191.45 42.1687 165.184 63.0182 120.728 86.8817 
65.119 105.238 138.244 159.325 68.8931 62.4413 127.508 85.4726 51.3004 14.1468 0 97.1486 193.085 160.623 159.686 45.61 177.656 140.405 6.00785 211.175 9.52212 117.011 150.095 192.582 102.751 77.955 184.831 178.186 95.0246 56.5049 139.577 25.3536 25.8034 21.1497 178.16 148.285 197.368 154.597 18.4889 22.428 113.645 67.0529 186.772 163.47 163.605 138.802 157.387 28.42 139.226 172.389 58.0176 127.441 53.1014 89.7307 214.175 212.478 90.2568 95.6018 29.5568 21.7857 37.764 40.3389 138.436 29.3996 168.499 143.125 137.557 153.345 34.5399 20.3153 215.244 192.668 134.145 128.989 181.6 32.3184 155.334 53.1679 106.581 77.0315 
162.268 82.7181 87.6554 108.736 166.042 92.6052 76.9189 182.621 131.488 111.295 97.1486 0 142.495 110.034 109.097 142.759 127.067 81.7714 91.1408 160.586 94.9064 66.4214 99.5057 141.993 127.538 175.104 134.242 90.4421 67.6028 74.8674 98.4025 122.502 76.3925 96.1197 92.726 97.6957 146.779 104.008 115.638 111.417 63.0555 64.739 136.183 86.8391 113.016 88.2126 106.798 74.7025 71.848 121.8 100.642 76.852 150.25 80.0715 163.586 161.888 109.654 23.4479 119.055 89.0399 134.913 82.919 87.8471 104.266 117.91 92.5355 45.4844 102.756 131.689 100.867 164.655 142.078 52.4558 78.3994 131.01 81.9986 104.745 50.0794 13.9135 74.8417 
138.996 87.8468 77.9687 33.7593 139.936 130.643 65.5766 145.275 141.784 202.935 193.085 142.495 0 32.4614 33.3989 194.38 100.751 80.6026 193.676 55.081 183.562 76.0741 42.9898 70.7484 90.3331 141.875 40.7127 118.383 98.06 136.58 61.0566 187.649 218.888 171.935 118.358 44.7997 31.0208 38.4879 184.379 170.657 79.44 126.032 6.31227 103.668 61.6884 71.7335 82.5892 164.665 79.4232 41.4838 135.067 65.6435 183.932 103.354 21.0909 41.0047 102.828 119.048 163.528 171.299 165.108 152.746 54.6484 222.484 24.5854 49.96 97.0111 39.7393 202.009 213.4 63.5632 74.5222 90.0396 64.096 60.2753 160.766 66.9089 139.917 128.582 116.053 
130.529 55.3854 72.3611 24.8304 134.303 98.1819 33.1152 150.883 109.323 170.473 160.623 110.034 32.4614 0 30.538 161.918 95.1437 74.995 161.215 50.5518 151.101 43.6127 40.2261 65.1409 95.7995 143.365 35.1052 112.776 65.5986 104.118 66.6641 155.188 186.427 139.473 112.75 12.3383 36.745 19.5574 151.918 138.195 46.9786 93.5703 26.1491 98.0601 56.0809 66.126 76.9817 132.203 73.8157 35.8763 102.606 33.1821 151.471 70.8925 53.5523 51.8543 77.9161 86.5861 131.066 138.838 132.647 120.284 47.1479 190.023 7.87596 51.7831 72.1462 7.27787 169.548 180.939 57.9557 68.9147 68.7346 31.6346 54.6678 128.305 61.3014 107.455 96.1206 83.5917 
105.597 54.4479 102.899 55.3684 106.537 97.2444 32.1777 120.345 108.385 169.536 159.686 109.097 33.3989 30.538 0 160.981 125.682 105.533 160.277 80.0116 150.164 57.4484 9.68803 95.6789 65.2615 112.827 65.6432 143.314 64.6611 103.181 36.1261 154.251 185.489 138.536 143.288 41.0547 55.9513 50.0954 150.98 137.258 46.0411 92.6328 27.0866 128.598 86.6189 96.664 107.52 131.266 104.354 66.4144 101.668 32.2446 150.533 69.955 54.4898 65.9352 69.4288 85.6486 130.129 137.9 131.709 119.347 77.6859 189.085 33.8277 21.2451 102.684 31.8664 168.61 180.001 88.4937 99.4527 99.2727 30.6971 85.2059 127.367 91.8395 106.518 95.1831 82.6542 
55.3838 106.533 183.381 160.62 54.4433 63.7363 128.803 57.1775 52.5955 31.4632 45.61 142.759 194.38 161.918 160.981 0 206.164 186.015 51.6179 212.47 47.8523 137.931 151.39 193.877 104.047 52.505 186.126 223.796 96.3196 67.8913 140.872 20.2565 68.0239 46.639 223.771 149.58 198.663 155.892 27.1211 31.3417 114.94 78.0197 188.067 209.08 167.101 177.146 188.002 68.0562 184.836 173.684 59.3127 128.736 10.4475 91.0257 215.471 213.773 91.5519 141.212 30.8519 53.7188 29.2717 59.8397 158.168 38.4928 169.794 144.42 183.167 154.64 11.0701 41.8919 216.539 193.963 179.755 130.284 182.895 60.7601 172.322 92.6792 152.192 78.3266 
225.673 146.123 39.4115 70.3133 229.447 156.011 126.355 246.027 194.893 187.506 177.656 127.067 100.751 95.1437 125.682 206.164 0 45.2955 178.247 45.6701 168.134 68.2333 135.37 30.0028 190.943 238.509 60.0385 36.6248 131.008 138.273 161.808 185.908 203.459 159.525 34.3408 84.6271 69.7304 75.5863 179.043 174.822 115.549 128.144 101.179 40.2278 39.0628 38.8543 20.269 149.236 55.2189 59.2674 164.047 110.88 213.655 143.477 84.5863 59.7465 173.06 103.619 182.46 155.87 198.318 146.324 47.9958 207.056 91.854 146.927 81.5825 93.8153 195.094 197.971 37.5878 26.229 74.611 107.61 40.4758 145.404 33.8423 124.488 113.153 138.247 
205.524 125.975 5.88395 50.1647 209.298 135.862 106.207 225.878 174.744 154.552 140.405 81.7714 80.6026 74.995 105.533 186.015 45.2955 0 134.397 78.8144 138.163 48.0847 115.221 60.2218 170.795 218.36 52.4706 37.7809 110.86 118.124 141.659 165.759 158.164 139.376 37.7552 64.4784 65.0076 55.4377 158.894 154.674 95.4003 107.996 81.0305 23.065 31.2444 8.86908 25.0265 117.959 9.92341 40.0284 143.899 90.7318 193.507 123.328 81.8149 80.117 152.911 58.3235 162.312 132.297 178.169 126.176 27.8472 161.76 71.7054 126.778 36.2871 73.6667 174.945 152.676 82.8833 60.307 29.3156 87.4611 49.239 125.255 22.9736 93.3361 67.8579 118.098 
71.1269 105.829 138.836 159.917 74.901 63.0327 128.099 91.4804 51.8919 20.1547 6.00785 91.1408 193.676 161.215 160.277 51.6179 178.247 134.397 0 211.766 10.1136 117.602 150.686 193.174 103.343 83.9628 185.423 172.178 95.616 57.0964 140.169 31.3614 25.2119 21.7412 172.153 148.876 197.96 155.188 24.4968 23.0195 114.236 67.6444 187.364 157.463 164.196 139.393 157.978 29.0115 133.218 172.98 58.6091 128.033 59.1093 90.3221 214.767 213.069 90.8483 89.5939 30.1483 22.3771 43.7718 40.9303 139.028 28.8082 169.091 143.716 131.549 153.937 40.5478 19.7239 215.835 193.259 128.137 129.58 182.191 32.9099 155.926 53.7594 100.574 77.623 
180.003 105.937 72.9305 51.8496 183.777 148.734 83.667 200.356 159.875 221.025 211.175 160.586 55.081 50.5518 80.0116 212.47 45.6701 78.8144 211.766 0 201.653 94.1644 89.6996 18.5926 145.273 192.839 26.3439 70.1437 116.15 154.67 116.138 205.74 236.978 190.025 67.8598 62.8901 24.0603 56.5782 202.469 188.747 97.5304 144.122 55.509 73.7468 47.57 72.3733 53.788 182.755 88.7378 38.786 153.157 83.7339 202.022 121.444 38.9162 14.0764 127.39 137.138 181.618 189.389 183.198 170.836 72.7387 240.575 46.1838 101.257 115.101 57.8297 220.099 231.49 8.48213 19.4412 108.13 82.1864 29.5754 178.857 55.8408 158.007 146.672 134.143 
67.3613 95.7156 135.529 149.803 71.1354 52.9191 117.986 87.7148 41.7783 19.3724 9.52212 94.9064 183.562 151.101 150.164 47.8523 168.134 138.163 10.1136 201.653 0 107.488 140.573 183.06 93.2293 80.1973 175.309 175.944 85.5025 46.9828 130.055 27.5958 35.3255 11.6276 175.918 138.763 187.846 145.075 20.7312 16.5106 104.122 57.5308 177.25 161.228 154.083 129.294 147.865 20.2039 136.984 162.867 48.4955 117.919 55.3437 80.2086 204.653 202.955 80.7347 93.3595 24.1488 12.2635 40.0063 30.8168 128.914 38.9217 158.977 133.603 135.314 143.823 36.7822 29.8375 205.722 183.145 131.903 119.466 172.077 22.7963 145.812 44.8269 104.339 67.5094 
157.44 77.8901 45.4508 42.3148 161.214 87.7772 58.1218 177.793 126.66 126.861 117.011 66.4214 76.0741 43.6127 57.4484 137.931 68.2333 48.0847 117.602 94.1644 107.488 0 67.1364 75.5719 122.71 170.276 67.8206 85.8656 62.7749 70.0394 93.5745 117.674 142.814 95.8608 85.8399 31.2743 80.3576 37.5862 110.81 106.589 47.3156 59.911 69.7618 71.1497 46.5945 39.2156 50.0713 88.5905 46.9054 55.3785 95.8138 42.6471 145.422 75.2435 97.1649 95.467 104.826 42.9735 114.227 95.2249 130.085 78.091 21.4257 146.41 51.4886 78.6935 45.2359 36.3348 126.861 137.326 98.2333 75.657 41.8243 39.3764 64.589 84.6921 38.3236 63.8426 52.5079 70.0137 
96.006 44.8571 112.587 65.0564 96.9466 87.6535 22.5868 110.657 98.7944 159.945 150.095 99.5057 42.9898 40.2261 9.68803 151.39 135.37 115.221 150.686 89.6996 140.573 67.1364 0 105.367 55.5735 103.139 75.3312 153.002 55.0702 93.5899 26.4381 144.66 175.898 128.945 152.976 50.7427 65.6393 59.7834 141.389 127.667 36.4502 83.0419 36.6775 138.286 96.3069 106.352 117.208 121.675 114.042 76.1024 92.0772 24.4893 140.942 60.3641 64.0806 75.6233 59.838 76.0577 120.538 128.309 122.118 109.756 87.374 179.494 43.5158 11.557 112.372 41.5545 159.019 170.41 98.1817 109.141 108.961 27.76 94.8939 117.776 101.527 96.9269 85.5922 73.0633 
195.67 116.121 54.3379 40.3105 199.444 130.141 96.3524 216.024 164.89 202.433 192.582 141.993 70.7484 65.1409 95.6789 193.877 30.0028 60.2218 193.174 18.5926 183.06 75.5719 105.367 0 160.94 208.506 30.0358 51.5511 101.005 136.077 131.805 187.147 218.386 171.433 49.2672 54.6243 39.7277 45.5835 183.877 170.154 85.5462 125.529 71.1764 55.1542 28.9774 53.7807 35.1954 164.162 70.1452 29.2646 134.565 80.8777 183.653 113.474 54.5835 29.7437 143.057 118.545 163.026 170.797 168.315 152.244 54.1462 221.982 61.8512 116.924 96.5089 63.8125 201.507 212.898 22.6614 3.77379 89.5374 77.607 10.9828 160.264 37.2482 139.414 128.08 115.551 
48.6627 44.8198 168.161 120.63 49.6033 40.3102 64.5881 55.0833 51.451 112.602 102.751 127.538 90.3331 95.7995 65.2615 104.047 190.943 170.795 103.343 145.273 93.2293 122.71 55.5735 160.94 0 51.5415 130.905 208.575 59.935 52.6705 36.8258 97.3163 128.555 81.6017 208.55 106.316 121.213 115.357 94.0458 80.3234 75.3942 62.7989 89.764 193.86 151.88 161.925 172.781 74.3314 169.615 131.676 44.7338 80.0628 93.599 47.4663 111.424 131.197 17.8834 125.991 73.1946 80.9658 74.7748 62.4126 142.947 132.151 99.0892 44.0164 167.946 97.1279 111.676 123.067 153.755 164.714 164.534 83.3335 150.467 70.433 157.101 77.4584 136.971 52.6962 
12.836 92.3856 215.726 168.196 9.06189 82.4984 112.154 7.51756 43.6161 63.8082 77.955 175.104 141.875 143.365 112.827 52.505 238.509 218.36 83.9628 192.839 80.1973 170.276 103.139 208.506 51.5415 0 178.47 256.141 107.501 100.236 88.3673 52.6015 100.369 78.9839 256.115 153.882 168.779 162.923 59.4661 63.6867 122.96 110.365 137.33 241.425 199.446 209.491 220.347 100.401 217.181 179.242 74.4618 127.629 42.0574 95.0321 162.966 178.762 65.4491 173.557 56.0485 86.0637 40.191 92.1846 190.513 80.6096 146.655 91.9147 215.512 144.694 60.1344 74.2369 201.321 212.28 212.1 130.899 198.033 93.1051 204.667 125.024 184.536 100.262 
165.634 86.0849 46.5866 25.5058 169.409 122.39 66.3166 185.988 134.854 194.681 184.831 134.242 40.7127 35.1052 65.6432 186.126 60.0385 52.4706 185.423 26.3439 175.309 67.8206 75.3312 30.0358 130.905 178.47 0 77.6708 89.8065 128.326 101.769 179.396 210.634 163.681 77.6451 36.5462 12.5371 30.2344 176.125 162.403 71.1865 117.778 41.1407 62.9549 21.2261 46.0294 41.8765 156.411 62.394 12.4421 126.813 57.39 175.679 95.1004 29.3443 27.6464 113.021 110.794 155.274 163.045 156.854 144.492 46.3949 214.231 31.8155 86.8883 88.7576 33.7768 193.756 205.146 30.4127 33.8095 81.7861 55.8425 19.5627 152.513 29.4969 131.663 120.328 107.8 
243.305 163.756 40.4148 87.9456 247.079 173.643 143.987 263.659 212.525 192.333 178.186 90.4421 118.383 112.776 143.314 223.796 36.6248 37.7809 172.178 70.1437 175.944 85.8656 153.002 51.5511 208.575 256.141 77.6708 0 148.64 155.905 179.44 203.54 166.835 177.157 2.28394 102.259 87.3627 93.2186 196.675 192.455 133.181 145.777 118.811 14.7159 56.6951 46.65 35.7943 155.74 38.9602 76.8996 181.679 128.513 231.288 161.109 102.219 77.3788 190.692 82.5845 200.093 170.077 215.95 163.957 65.6281 185.303 109.486 164.559 44.9577 111.448 212.726 181.904 74.2126 51.6363 44.0413 125.242 58.1081 163.036 51.4745 131.117 76.5286 155.879 
94.6648 15.1152 108.226 64.3007 98.4389 32.5833 32.4834 115.018 63.8847 104.875 95.0246 67.6028 98.06 65.5986 64.6611 96.3196 131.008 110.86 95.616 116.15 85.5025 62.7749 55.0702 101.005 59.935 107.501 89.8065 148.64 0 38.5197 44.5527 89.5894 120.828 73.8749 148.615 53.2603 102.344 59.5721 86.319 72.5966 18.62 27.9717 91.7477 133.925 91.9454 101.99 112.846 66.6046 109.68 77.3644 37.007 32.4165 85.8721 12.4687 119.151 117.453 42.0516 66.056 65.4677 73.2389 67.3098 54.6857 83.0124 124.424 73.4746 48.1 108.011 58.3207 103.949 115.34 120.219 104.779 104.599 33.964 90.5323 62.7061 97.1659 41.8567 77.0357 17.9931 
87.4003 48.7328 115.49 102.82 91.1743 17.7378 71.0031 107.754 56.6202 66.3552 56.5049 74.8674 136.58 104.118 103.181 67.8913 138.273 118.124 57.0964 154.67 46.9828 70.0394 93.5899 136.077 52.6705 100.236 128.326 155.905 38.5197 0 83.0723 51.0698 82.3083 35.3552 155.879 91.7799 140.863 98.0918 47.7993 36.5496 57.1397 10.548 130.267 141.189 107.1 109.255 120.111 28.0849 116.945 115.884 25.7745 70.9362 75.3827 33.2257 157.671 155.973 34.7871 73.3205 44.1877 34.7193 60.0452 16.166 90.2769 85.9045 111.994 86.6197 115.275 96.8404 65.4293 76.8203 158.739 136.163 111.864 72.4836 125.095 24.1865 104.43 24.788 84.3002 20.5266 
85.4885 34.3395 139.025 91.4945 86.4291 77.136 35.4527 84.2187 88.2768 149.428 139.577 98.4025 61.0566 66.6641 36.1261 140.872 161.808 141.659 140.169 116.138 130.055 93.5745 26.4381 131.805 36.8258 88.3673 101.769 179.44 44.5527 83.0723 0 134.142 165.381 118.428 179.414 77.1808 92.0774 86.2215 130.872 117.149 46.2589 72.5244 60.6286 164.724 122.745 132.79 143.646 111.157 140.48 102.54 81.5597 50.9274 130.425 49.8466 77.2215 102.061 49.3204 96.8556 110.02 117.792 111.601 99.2384 113.812 168.977 69.9538 14.881 138.81 67.9925 148.502 159.893 124.62 135.579 135.399 54.1981 121.332 107.259 127.966 86.4093 107.835 62.5458 
48.6536 99.8026 163.125 153.89 47.713 57.0061 122.073 60.119 45.8653 15.2854 25.3536 122.502 187.649 155.188 154.251 20.2565 185.908 165.759 31.3614 205.74 27.5958 117.674 144.66 187.147 97.3163 52.6015 179.396 203.54 89.5894 51.0698 134.142 0 47.7674 26.3825 203.514 142.85 191.933 149.162 6.86462 16.9929 108.209 61.6178 181.337 188.824 158.17 156.89 167.746 47.7997 164.58 166.954 52.5825 122.006 27.7479 84.2955 208.74 207.042 84.8217 120.955 24.1217 33.4623 22.5415 39.5832 137.912 34.8348 163.064 137.689 162.91 147.91 14.3596 25.7505 209.809 187.232 159.498 123.553 176.164 40.5036 152.065 72.4227 131.935 71.5963 
87.5328 131.041 164.048 185.129 91.3069 88.2447 153.311 107.886 77.1038 36.5606 25.8034 76.3925 218.888 186.427 185.489 68.0239 203.459 158.164 25.2119 236.978 35.3255 142.814 175.898 218.386 128.555 100.369 210.634 166.835 120.828 82.3083 165.381 47.7674 0 46.9531 169.119 174.088 223.172 180.4 40.9028 48.2314 139.448 92.8563 212.576 163.232 189.408 164.605 183.19 54.2234 148.241 198.192 83.821 153.245 75.5153 115.534 239.979 238.281 116.06 99.8405 55.3602 47.5891 60.1778 66.1423 164.24 29.531 194.303 168.928 121.877 179.149 56.9537 26.1319 241.047 218.471 128.848 154.792 207.403 58.1218 181.138 78.9713 90.306 102.835 
66.148 84.088 136.743 138.176 69.922 41.2916 106.358 86.5015 35.3678 30.9999 21.1497 96.1197 171.935 139.473 138.536 46.639 159.525 139.376 21.7412 190.025 11.6276 95.8608 128.945 171.433 81.6017 78.9839 163.681 177.157 73.8749 35.3552 118.428 26.3825 46.9531 0 177.132 127.135 176.218 133.447 19.5179 15.2973 92.4949 45.9032 165.623 162.441 142.455 130.507 141.363 21.4172 138.197 151.239 36.8679 106.291 54.1304 68.581 193.026 191.328 69.1071 94.5728 22.9354 7.07981 38.7929 19.1892 117.287 50.5493 147.349 121.975 136.528 132.196 35.5688 41.4651 194.094 171.518 133.116 107.839 160.45 14.1211 134.184 46.0403 105.553 55.8818 
243.28 163.73 40.3891 87.9198 247.054 173.617 143.962 263.633 212.499 192.307 178.16 92.726 118.358 112.75 143.288 223.771 34.3408 37.7552 172.153 67.8598 175.918 85.8399 152.976 49.2672 208.55 256.115 77.6451 2.28394 148.615 155.879 179.414 203.514 169.119 177.132 0 102.234 87.337 93.1928 196.649 192.429 133.155 145.751 118.786 14.6901 56.6693 46.6242 35.7685 155.714 38.9345 76.8739 181.654 128.487 231.262 161.083 102.193 77.353 190.666 82.5587 200.067 170.052 215.924 163.931 65.6023 185.278 109.461 164.533 47.2417 111.422 212.7 181.879 71.9286 49.3524 44.0156 125.216 58.0824 163.01 51.4488 131.091 78.8126 155.854 
141.046 61.4963 61.8445 14.3138 144.82 85.8436 41.7281 161.399 110.266 158.135 148.285 97.6957 44.7997 12.3383 41.0547 149.58 84.6271 64.4784 148.876 62.8901 138.763 31.2743 50.7427 54.6243 106.316 153.882 36.5462 102.259 53.2603 91.7799 77.1808 142.85 174.088 127.135 102.234 0 49.0833 9.04075 139.579 125.857 34.6403 81.232 38.4875 87.5435 45.5643 55.6094 66.4651 119.865 63.2991 25.3597 90.2672 26.2534 139.132 58.8498 65.8906 64.1927 88.4328 74.2478 118.728 126.499 120.308 107.946 36.6313 177.684 20.2143 62.2997 61.6296 9.18822 157.209 168.6 66.959 58.3981 58.218 22.9827 44.1512 115.966 50.7848 95.1169 83.7823 71.2534 
155.943 92.1304 59.1237 38.0428 159.717 134.927 69.8602 176.296 146.068 207.218 197.368 146.779 31.0208 36.745 55.9513 198.663 69.7304 65.0076 197.96 24.0603 187.846 80.3576 65.6393 39.7277 121.213 168.779 12.5371 87.3627 102.344 140.863 92.0774 191.933 223.172 176.218 87.337 49.0833 0 42.7714 188.663 174.94 83.7236 130.315 31.4487 72.6468 33.7632 58.5665 51.5684 168.948 74.931 24.9792 139.351 69.9271 188.216 107.637 16.8073 15.1094 107.111 123.331 167.811 175.582 169.391 157.029 58.9319 226.768 28.869 77.1964 101.295 44.0228 206.293 217.684 32.5424 43.5015 94.3232 68.3796 29.2546 165.05 42.034 144.2 132.866 120.337 
150.087 70.5371 52.8038 5.273 153.861 92.1555 50.7688 170.44 119.307 164.447 154.597 104.008 38.4879 19.5574 50.0954 155.892 75.5863 55.4377 155.188 56.5782 145.075 37.5862 59.7834 45.5835 115.357 162.923 30.2344 93.2186 59.5721 98.0918 86.2215 149.162 180.4 133.447 93.1928 9.04075 42.7714 0 145.891 132.169 40.9521 87.5438 32.1756 78.5027 36.5235 46.5686 57.4243 126.177 54.2584 17.7923 96.5791 35.2941 145.444 67.8906 59.5787 57.8808 97.4735 80.5597 125.04 132.811 126.62 114.258 27.5905 183.996 16.2677 71.3405 58.5232 18.229 163.521 174.912 60.6471 49.3573 51.5518 32.0234 35.1105 122.278 41.744 101.429 90.0941 77.5652 
46.6301 96.5321 156.26 150.62 50.4042 53.7357 118.802 66.9836 42.5948 18.5559 18.4889 115.638 184.379 151.918 150.98 27.1211 179.043 158.894 24.4968 202.469 20.7312 110.81 141.389 183.877 94.0458 59.4661 176.125 196.675 86.319 47.7993 130.872 6.86462 40.9028 19.5179 196.649 139.579 188.663 145.891 0 13.7224 104.939 58.3473 178.067 181.959 154.899 150.025 160.881 40.9351 157.715 163.683 49.312 118.735 34.6125 81.0251 205.47 203.772 81.5512 114.091 20.8512 26.5977 19.2751 32.7186 131.047 38.1052 159.794 134.419 156.045 144.64 17.63 29.021 206.538 183.962 152.634 120.283 172.894 33.639 146.629 65.5581 125.07 68.3259 
50.8507 82.8097 152.04 136.897 54.6248 40.0132 105.08 71.2042 28.8724 32.2783 22.428 111.417 170.657 138.195 137.258 31.3417 174.822 154.674 23.0195 188.747 16.5106 106.589 127.667 170.154 80.3234 63.6867 162.403 192.455 72.5966 36.5496 117.149 16.9929 48.2314 15.2973 192.429 125.857 174.94 132.169 13.7224 0 91.2166 46.678 164.344 177.739 141.177 145.805 156.66 36.7145 153.494 149.961 35.5896 105.013 38.8331 67.3026 191.747 190.049 67.8288 109.87 7.63815 22.3771 23.4957 28.498 126.827 51.8277 146.071 120.697 151.825 130.917 31.3525 42.7434 192.816 170.24 148.413 106.561 159.172 29.4184 140.98 61.3375 120.85 54.6035 
110.124 30.5745 92.7664 45.6807 113.898 51.2033 13.8634 130.478 79.3439 123.495 113.645 63.0555 79.44 46.9786 46.0411 114.94 115.549 95.4003 114.236 97.5304 104.122 47.3156 36.4502 85.5462 75.3942 122.96 71.1865 133.181 18.62 57.1397 46.2589 108.209 139.448 92.4949 133.155 34.6403 83.7236 40.9521 104.939 91.2166 0 46.5917 73.1277 118.465 76.4861 86.5312 97.387 85.2246 94.221 58.7444 55.627 13.7965 104.492 27.9279 100.531 98.8329 57.5109 50.5968 84.0878 91.8589 85.6679 73.3057 67.5532 143.044 54.8545 31.3778 92.5515 39.7007 122.569 133.96 101.599 89.32 89.1399 15.344 75.0731 81.3262 81.7067 60.4767 61.5765 36.6131 
97.5286 38.1848 105.362 92.2724 101.303 27.8662 60.4551 117.882 66.7485 76.9031 67.0529 64.739 126.032 93.5703 92.6328 78.0197 128.144 107.996 67.6444 144.122 57.5308 59.911 83.0419 125.529 62.7989 110.365 117.778 145.777 27.9717 10.548 72.5244 61.6178 92.8563 45.9032 145.751 81.232 130.315 87.5438 58.3473 46.678 46.5917 0 119.719 131.061 96.5521 99.1266 109.982 38.6329 106.816 105.336 35.9028 60.3882 85.5111 22.6778 147.123 145.425 44.9155 63.1922 54.3161 45.2672 70.1736 26.714 80.1486 96.4525 101.446 76.0717 105.147 86.2924 75.9773 87.3682 148.191 125.615 101.735 61.9357 114.547 34.7344 94.3021 14.6596 74.1719 10.1027 
132.684 81.5346 78.3966 30.8659 133.624 124.331 59.2643 144.847 135.472 196.623 186.772 136.183 6.31227 26.1491 27.0866 188.067 101.179 81.0305 187.364 55.509 177.25 69.7618 36.6775 71.1764 89.764 137.33 41.1407 118.811 91.7477 130.267 60.6286 181.337 212.576 165.623 118.786 38.4875 31.4487 32.1756 178.067 164.344 73.1277 119.719 0 104.096 62.1164 72.1615 83.0172 158.352 79.8512 41.9118 128.755 59.3312 177.62 97.0416 27.4031 41.4327 96.5155 112.735 157.215 164.987 158.796 146.433 53.1834 216.172 18.2732 45.7476 90.6988 33.427 195.697 207.088 63.9912 74.9502 83.7273 57.7837 60.7033 154.454 67.3369 133.604 122.27 109.741 
228.589 149.04 25.6989 73.2297 232.363 158.927 129.272 248.943 197.809 177.617 163.47 86.8391 103.668 98.0601 128.598 209.08 40.2278 23.065 157.463 73.7468 161.228 71.1497 138.286 55.1542 193.86 241.425 62.9549 14.7159 133.925 141.189 164.724 188.824 163.232 162.441 14.6901 87.5435 72.6468 78.5027 181.959 177.739 118.465 131.061 104.096 0 41.9792 31.9341 21.0784 141.024 24.2444 62.1838 166.964 113.797 216.572 146.393 87.5027 75.0493 175.976 67.8686 185.377 155.362 201.234 149.241 50.9122 170.588 94.7704 149.843 41.3547 96.7317 198.01 167.188 77.8156 55.2394 34.3832 110.526 44.1714 148.32 36.7587 116.401 72.9256 141.163 
186.61 107.061 25.3605 31.2505 190.384 116.948 87.2923 206.964 155.83 173.455 163.605 113.016 61.6884 56.0809 86.6189 167.101 39.0628 31.2444 164.196 47.57 154.083 46.5945 96.3069 28.9774 151.88 199.446 21.2261 56.6951 91.9454 107.1 122.745 158.17 189.408 142.455 56.6693 45.5643 33.7632 36.5235 154.899 141.177 76.4861 96.5521 62.1164 41.9792 0 24.8033 20.9008 135.185 41.1678 20.2046 124.984 71.8176 174.593 104.414 50.5705 48.8725 133.997 89.5679 143.398 141.819 159.255 123.266 25.1688 193.005 52.7912 107.864 67.5315 54.7525 172.529 183.92 51.6388 29.0626 60.56 68.5469 17.9946 131.287 8.27081 110.437 99.1024 99.1842 
196.655 117.106 6.23518 41.2956 200.429 126.993 97.3374 217.009 165.875 148.652 138.802 88.2126 71.7335 66.126 96.664 177.146 38.8543 8.86908 139.393 72.3733 129.294 39.2156 106.352 53.7807 161.925 209.491 46.0294 46.65 101.99 109.255 132.79 156.89 164.605 130.507 46.6242 55.6094 58.5665 46.5686 150.025 145.805 86.5312 99.1266 72.1615 31.9341 24.8033 0 18.5853 110.382 16.3646 33.5873 135.029 81.8627 184.638 114.459 75.3738 73.6758 144.042 64.7646 153.443 123.428 169.3 117.307 18.9781 168.201 62.8363 117.909 42.7282 64.7976 166.076 159.117 76.4421 53.8659 35.7567 78.592 42.7979 116.386 16.5325 85.6338 74.2991 109.229 
207.511 127.961 19.1425 52.1513 211.285 137.849 108.193 227.865 176.731 167.237 157.387 106.798 82.5892 76.9817 107.52 188.002 20.269 25.0265 157.978 53.788 147.865 50.0713 117.208 35.1954 172.781 220.347 41.8765 35.7943 112.846 120.111 143.646 167.746 183.19 141.363 35.7685 66.4651 51.5684 57.4243 160.881 156.66 97.387 109.982 83.0172 21.0784 20.9008 18.5853 0 128.967 34.9499 41.1054 145.885 92.7184 195.493 125.315 66.4243 55.0905 154.898 83.35 164.298 135.601 180.156 128.162 29.8338 186.787 73.692 128.765 61.3135 75.6533 176.932 177.702 57.8568 35.2806 54.342 89.4477 24.2125 127.242 15.6803 104.219 92.8844 120.085 
87.5652 76.8177 115.325 130.905 91.3393 34.0213 99.088 107.919 56.7851 38.2702 28.42 74.7025 164.665 132.203 131.266 68.0562 149.236 117.959 29.0115 182.755 20.2039 88.5905 121.675 164.162 74.3314 100.401 156.411 155.74 66.6046 28.0849 111.157 47.7997 54.2234 21.4172 155.714 119.865 168.948 126.177 40.9351 36.7145 85.2246 38.6329 158.352 141.024 135.185 110.382 128.967 0 116.78 143.969 29.5976 99.0211 75.5476 61.3107 185.755 184.058 61.8368 73.1556 44.3526 14.3374 60.2101 11.9189 110.016 57.8196 140.079 114.705 115.11 124.925 56.9861 48.7354 186.824 164.248 111.699 100.569 153.18 7.29609 126.914 24.7479 84.1353 48.6115 
204.345 124.795 15.8074 48.9854 208.119 134.683 105.027 224.699 173.565 153.373 139.226 71.848 79.4232 73.8157 104.354 184.836 55.2189 9.92341 133.218 88.7378 136.984 46.9054 114.042 70.1452 169.615 217.181 62.394 38.9602 109.68 116.945 140.48 164.58 148.241 138.197 38.9345 63.2991 74.931 54.2584 157.715 153.494 94.221 106.816 79.8512 24.2444 41.1678 16.3646 34.9499 116.78 0 49.9519 142.719 89.5525 192.327 122.149 91.7383 90.0404 151.732 48.4001 161.132 131.117 176.99 124.996 26.6678 151.837 70.526 125.599 26.3636 72.4873 173.766 142.944 92.8067 70.2304 19.3922 86.2818 59.1624 124.076 32.897 92.1568 57.9345 116.919 
166.406 86.856 36.4848 13.0637 170.18 109.948 67.0878 186.759 135.626 182.239 172.389 121.8 41.4838 35.8763 66.4144 173.684 59.2674 40.0284 172.98 38.786 162.867 55.3785 76.1024 29.2646 131.676 179.242 12.4421 76.8996 77.3644 115.884 102.54 166.954 198.192 151.239 76.8739 25.3597 24.9792 17.7923 163.683 149.961 58.7444 105.336 41.9118 62.1838 20.2046 33.5873 41.1054 143.969 49.9519 0 114.371 51.6131 163.237 84.2095 41.7864 40.0885 113.792 98.3519 142.832 150.603 144.412 132.05 33.9528 201.789 32.5866 87.6594 76.3155 34.5479 181.313 192.704 42.8548 33.0384 69.344 48.3424 18.7915 140.071 25.4251 119.221 107.886 95.3575 
61.6258 47.2201 141.265 101.308 65.3999 8.03663 69.4904 81.9793 30.8457 67.8678 58.0176 100.642 135.067 102.606 101.668 59.3127 164.047 143.899 58.6091 153.157 48.4955 95.8138 92.0772 134.565 44.7338 74.4618 126.813 181.679 37.007 25.7745 81.5597 52.5825 83.821 36.8679 181.654 90.2672 139.351 96.5791 49.312 35.5896 55.627 35.9028 128.755 166.964 124.984 135.029 145.885 29.5976 142.719 114.371 0 69.4235 49.6082 31.7131 156.158 154.46 32.2392 99.095 28.4608 36.2319 34.2708 17.7228 116.051 87.4172 110.482 85.107 141.05 95.3277 66.942 78.333 157.226 137.818 137.638 70.971 123.582 25.6992 130.205 50.5624 110.075 25.8002 
114.793 35.243 88.0979 40.5671 118.567 64.9998 15.4747 135.146 84.0124 137.291 127.441 76.852 65.6435 33.1821 32.2446 128.736 110.88 90.7318 128.033 83.7339 117.919 42.6471 24.4893 80.8777 80.0628 127.629 57.39 128.513 32.4165 70.9362 50.9274 122.006 153.245 106.291 128.487 26.2534 69.9271 35.2941 118.735 105.013 13.7965 60.3882 59.3312 113.797 71.8176 81.8627 92.7184 99.0211 89.5525 51.6131 69.4235 0 118.289 37.7104 86.7343 85.0364 62.1794 53.404 97.8843 105.655 99.4644 87.1022 62.8846 156.841 41.058 36.0464 87.883 25.9042 136.366 147.756 87.8027 84.6515 84.4714 3.27071 70.4046 95.1227 77.0382 74.2732 62.9385 50.4096 
44.9363 96.0853 190.873 150.173 43.9957 57.6449 118.356 46.7299 42.1479 38.9546 53.1014 150.25 183.932 151.471 150.533 10.4475 213.655 193.507 59.1093 202.022 55.3437 145.422 140.942 183.653 93.599 42.0574 175.679 231.288 85.8721 75.3827 130.425 27.7479 75.5153 54.1304 231.262 139.132 188.216 145.444 34.6125 38.8331 104.492 85.5111 177.62 216.572 174.593 184.638 195.493 75.5476 192.327 163.237 49.6082 118.289 0 80.5782 205.023 203.325 81.1044 148.703 31.195 61.2102 18.8242 67.3311 165.66 45.9842 159.347 133.972 190.658 144.193 18.5615 49.3833 206.091 187.426 187.246 119.836 173.18 68.2515 179.813 100.171 159.683 75.4084 
82.1961 15.5071 120.694 73.1635 85.9702 27.2894 37.7773 102.55 51.416 99.5809 89.7307 80.0715 103.354 70.8925 69.955 91.0257 143.477 123.328 90.3221 121.444 80.2086 75.2435 60.3641 113.474 47.4663 95.0321 95.1004 161.109 12.4687 33.2257 49.8466 84.2955 115.534 68.581 161.083 58.8498 107.637 67.8906 81.0251 67.3026 27.9279 22.6778 97.0416 146.393 104.414 114.459 125.315 61.3107 122.149 84.2095 31.7131 37.7104 80.5782 0 124.445 122.747 29.583 78.5247 60.1738 67.945 61.754 49.3918 95.4811 119.13 78.7685 53.394 120.479 63.6146 98.6551 110.046 125.513 117.248 117.068 39.2579 103.001 57.4122 109.635 36.5627 89.5044 12.6992 
160.087 108.938 75.9309 54.8501 161.027 151.734 86.6675 161.44 162.875 224.026 214.175 163.586 21.0909 53.5523 54.4898 215.471 84.5863 81.8149 214.767 38.9162 204.653 97.1649 64.0806 54.5835 111.424 162.966 29.3443 102.219 119.151 157.671 77.2215 208.74 239.979 193.026 102.193 65.8906 16.8073 59.5787 205.47 191.747 100.531 147.123 27.4031 87.5027 50.5705 75.3738 66.4243 185.755 91.7383 41.7864 156.158 86.7343 205.023 124.445 0 24.8398 123.919 140.138 184.619 192.39 186.199 173.837 75.7392 243.575 45.6763 71.0508 118.102 60.8301 223.1 234.491 47.3983 58.3573 111.13 85.1869 44.1105 181.857 58.8413 161.008 149.673 137.144 
165.926 107.24 74.233 53.1522 169.701 150.036 84.9695 186.28 161.177 222.328 212.478 161.888 41.0047 51.8543 65.9352 213.773 59.7465 80.117 213.069 14.0764 202.955 95.467 75.6233 29.7437 131.197 178.762 27.6464 77.3788 117.453 155.973 102.061 207.042 238.281 191.328 77.353 64.1927 15.1094 57.8808 203.772 190.049 98.8329 145.425 41.4327 75.0493 48.8725 73.6758 55.0905 184.058 90.0404 40.0885 154.46 85.0364 203.325 122.747 24.8398 0 122.221 138.44 182.921 190.692 184.501 172.139 74.0413 241.877 43.9784 87.1803 116.404 59.1322 221.402 232.793 22.5585 33.5175 109.433 83.489 30.878 180.159 57.1433 159.31 147.975 135.446 
52.6132 26.9364 150.277 102.747 56.3873 27.8156 46.7047 72.9667 38.9564 100.107 90.2568 109.654 102.828 77.9161 69.4288 91.5519 173.06 152.911 90.8483 127.39 80.7347 104.826 59.838 143.057 17.8834 65.4491 113.021 190.692 42.0516 34.7871 49.3204 84.8217 116.06 69.1071 190.666 88.4328 107.111 97.4735 81.5512 67.8288 57.5109 44.9155 96.5155 175.976 133.997 144.042 154.898 61.8368 151.732 113.792 32.2392 62.1794 81.1044 29.583 123.919 122.221 0 108.108 60.7 68.4712 62.2802 49.918 125.064 119.656 81.2058 52.8678 150.062 79.2445 99.1813 110.572 135.872 146.831 146.651 65.4501 132.584 57.9384 139.218 59.5751 119.087 34.8128 
160.721 81.1712 64.2074 85.2883 164.495 91.0584 61.403 181.074 129.941 109.749 95.6018 23.4479 119.048 86.5861 85.6486 141.212 103.619 58.3235 89.5939 137.138 93.3595 42.9735 76.0577 118.545 125.991 173.557 110.794 82.5845 66.056 73.3205 96.8556 120.955 99.8405 94.5728 82.5587 74.2478 123.331 80.5597 114.091 109.87 50.5968 63.1922 112.735 67.8686 89.5679 64.7646 83.35 73.1556 48.4001 98.3519 99.095 53.404 148.703 78.5247 140.138 138.44 108.108 0 117.508 87.493 133.366 81.3721 64.3992 103.437 94.4621 81.9746 41.9547 79.3082 130.142 99.3199 141.207 118.631 38.5431 54.9515 107.563 80.4517 81.2971 48.5326 10.9797 73.2948 
43.2125 75.6809 159.678 129.768 46.9866 32.8844 97.9511 63.5661 21.7436 39.4071 29.5568 119.055 163.528 131.066 130.129 30.8519 182.46 162.312 30.1483 181.618 24.1488 114.227 120.538 163.026 73.1946 56.0485 155.274 200.093 65.4677 44.1877 110.02 24.1217 55.3602 22.9354 200.067 118.728 167.811 125.04 20.8512 7.63815 84.0878 54.3161 157.215 185.377 143.398 153.443 164.298 44.3526 161.132 142.832 28.4608 97.8843 31.195 60.1738 184.619 182.921 60.7 117.508 0 30.0152 15.8575 36.1361 134.465 58.9565 138.942 113.568 159.463 123.788 38.4813 49.8722 185.687 163.111 156.051 99.4317 152.043 37.0565 148.618 68.9757 128.488 47.4746 
73.2278 83.4521 129.663 137.54 77.0019 40.6556 105.722 93.5813 42.4477 31.6359 21.7857 89.0399 171.299 138.838 137.9 53.7188 155.87 132.297 22.3771 189.389 12.2635 95.2249 128.309 170.797 80.9658 86.0637 163.045 170.077 73.2389 34.7193 117.792 33.4623 47.5891 7.07981 170.052 126.499 175.582 132.811 26.5977 22.3771 91.8589 45.2672 164.987 155.362 141.819 123.428 135.601 14.3374 131.117 150.603 36.2319 105.655 61.2102 67.945 192.39 190.692 68.4712 87.493 30.0152 0 45.8727 18.5532 116.651 51.1853 146.713 121.339 129.448 131.56 42.6487 42.101 193.458 170.882 126.036 107.203 159.814 10.5328 133.549 38.9605 98.4727 55.2458 
27.355 77.2611 175.535 131.349 31.1291 42.3074 99.5313 47.7086 23.3238 37.8269 37.764 134.913 165.108 132.647 131.709 29.2717 198.318 178.169 43.7718 183.198 40.0063 130.085 122.118 168.315 74.7748 40.191 156.854 215.95 67.3098 60.0452 111.601 22.5415 60.1778 38.7929 215.924 120.308 169.391 126.62 19.2751 23.4957 85.6679 70.1736 158.796 201.234 159.255 169.3 180.156 60.2101 176.99 144.412 34.2708 99.4644 18.8242 61.754 186.199 184.501 62.2802 133.366 15.8575 45.8727 0 51.9936 150.322 57.3763 140.522 115.148 175.321 125.369 36.9011 48.292 187.267 172.089 171.909 101.012 157.842 52.914 164.476 84.8332 144.345 60.0709 
